#,Contest,Start time,Rank,Solved,Rating change,New rating,Title
9,"Codeforces Round 850 (Div. 1, based on VK Cup 2022 - Final Round)",Feb/05/2023 15:05,518,2,+24,2044,Candidate Master
8,"TypeDB Forces 2023 (Div. 1 + Div. 2, Rated, Prizes!)",Jan/29/2023 17:35,1621,3,-84,2020,Candidate Master
7,Codeforces Round 843 (Div. 2),Jan/10/2023 14:15,113,6,+57,2104,Master
6,Codeforces Round 824 (Div. 2),Oct/02/2022 17:35,40,5,+193,2047,Candidate Master
5,Codeforces Round 811 (Div. 3),Aug/01/2022 17:35,10,7,+298,1854,Expert
4,Codeforces Round 809 (Div. 2),Jul/18/2022 17:35,1030,4,+184,1556,Specialist
3,Codeforces Round 806 (Div. 4),Jul/12/2022 17:35,351,7,+282,1372,Pupil
2,Codeforces Round 805 (Div. 3),Jul/10/2022 17:35,141,7,+491,1090,Newbie
1,Codeforces Round 787 (Div. 3),May/05/2022 17:35,489,5,+599,599,Newbie
