#,Contest,Start time,Rank,Solved,Rating change,New rating,Title
1,Codeforces Round 153 (Div. 2),Dec/06/2012 19:30,243,2,118,1618,Expert
2,Codeforces Round 159 (Div. 2),Jan/08/2013 19:30,147,3,45,1663,Expert
3,Codeforces Round 177 (Div. 2),Apr/02/2013 19:30,45,4,81,1744,Expert
4,Codeforces Round 179 (Div. 1),Apr/11/2013 19:30,199,2,98,1842,Expert
5,Codeforces Round 180 (Div. 1),Apr/19/2013 19:30,351,1,-43,1799,Expert
6,Codeforces Round 187 (Div. 1),Jun/07/2013 19:30,418,1,-59,1740,Expert
7,Codeforces Round 198 (Div. 1),Aug/30/2013 19:30,338,2,5,1745,Expert
8,Codeforces Round 200 (Div. 1),Sep/14/2013 19:30,98,4,155,1900,Candidate Master
9,Codeforces Round 201 (Div. 1),Sep/20/2013 19:30,153,2,70,1970,Candidate Master
10,Codeforces Round 202 (Div. 1),Sep/27/2013 19:30,172,1,18,1988,Candidate Master
11,Codeforces Round 204 (Div. 1),Oct/04/2013 19:30,86,3,95,2083,Candidate Master
12,Codeforces Round 215 (Div. 1),Nov/26/2013 19:30,179,2,-22,2061,Candidate Master
13,Codeforces Round 219 (Div. 1),Dec/13/2013 18:00,76,3,94,2155,Master
14,Codeforces Round 228 (Div. 1),Feb/03/2014 19:40,27,3,126,2281,Master
15,Codeforces Round 236 (Div. 1),Mar/16/2014 19:30,44,3,41,2322,International Master
16,Coder-Strike 2014 - Round 1,Apr/18/2014 20:10,43,3,-85,2237,Master
17,Coder-Strike 2014 - Round 2,Apr/20/2014 11:00,5,4,-11,2226,Master
18,Coder-Strike 2014 - Finals,Apr/22/2014 16:20,1,4,30,2256,Master
19,Codeforces Round 286 (Div. 1),Jan/18/2015 16:00,382,0,-102,2154,Master
20,Codeforces Round 290 (Div. 1),Feb/02/2015 19:30,318,2,-58,2096,Candidate Master
21,Rockethon 2015,Feb/07/2015 20:00,411,5,5,2101,Master
22,Codeforces Round 292 (Div. 1),Feb/17/2015 19:35,466,1,-79,2022,Candidate Master
23,"VK Cup 2015 - Round 1 (unofficial online mirror, Div. 1 only)",Mar/21/2015 19:45,217,1,-46,1976,Candidate Master
24,Codeforces Round 299 (Div. 1),Apr/14/2015 19:35,102,2,131,2107,Master
25,"VK Cup 2015 - Round 3 (unofficial online mirror, Div. 1 only)",May/03/2015 19:00,134,1,3,2110,Master
26,Looksery Cup 2015,Jun/06/2015 16:00,355,4,51,2161,Master
27,Codeforces Round 309 (Div. 1),Jun/24/2015 19:30,73,4,102,2263,Master
28,Codeforces Round 317 [AimFund Thanks-Round] (Div. 1),Aug/22/2015 19:30,170,2,-17,2246,Master
29,Codeforces Round 318 [RussianCodeCup Thanks-Round] (Div. 1),Aug/29/2015 19:30,462,2,-104,2142,Master
30,Codeforces Round 320 (Div. 1) [Bayan Thanks-Round],Sep/16/2015 18:15,78,3,122,2264,Master
31,Codeforces Round 323 (Div. 1),Oct/03/2015 19:45,317,1,-51,2213,Master
32,Codeforces Round 325 (Div. 1),Oct/12/2015 12:10,31,3,73,2286,Master
33,Codeforces Round 326 (Div. 1),Oct/15/2015 19:30,373,1,-71,2215,Master
34,Codeforces Round 327 (Div. 1),Oct/25/2015 12:00,92,3,27,2242,Master
35,Good Bye 2015,Dec/30/2015 18:05,125,4,48,2290,Master
36,Wunder Fund Round 2016 (Div. 1 + Div. 2 combined),Jan/29/2016 20:10,49,4,93,2383,International Master
37,AIM Tech Round (Div. 1),Feb/04/2016 20:05,436,0,-143,2240,Master
38,8VC Venture Cup 2016 - Elimination Round,Feb/13/2016 20:35,328,4,-30,2210,Master
39,8VC Venture Cup 2016 - Final Round (Div. 1 Edition),Feb/28/2016 21:10,20,4,93,2303,International Master
40,Codeforces Round 345 (Div. 1),Mar/07/2016 12:25,175,2,-24,2279,Master
41,CROC 2016 - Elimination Round,Mar/18/2016 19:35,79,5,23,2302,International Master
42,IndiaHacks 2016 - Online Edition (Div. 1 + Div. 2),Mar/19/2016 11:35,29,5,96,2398,International Master
43,VK Cup 2016 - Round 1,Mar/28/2016 19:35,52,3,0,2398,International Master
44,VK Cup 2016 - Round 2,Apr/24/2016 19:35,86,4,-42,2356,International Master
45,VK Cup 2016 - Round 3,May/07/2016 18:05,43,3,-5,2351,International Master
46,Codeforces Round 360 (Div. 1),Jun/29/2016 20:05,324,2,-91,2260,Master
47,Codeforces Round 364 (Div. 1),Jul/22/2016 19:35,32,3,102,2362,International Master
48,AIM Tech Round 3 (Div. 1),Aug/24/2016 19:35,45,3,84,2446,Grandmaster
49,Codeforces Round 372 (Div. 1),Sep/17/2016 16:45,330,1,-112,2334,International Master
50,"Intel Code Challenge Final Round (Div. 1 + Div. 2, Combined)",Oct/08/2016 15:15,112,4,20,2354,International Master
51,Good Bye 2016,Dec/30/2016 17:15,145,4,32,2386,International Master
52,8VC Venture Cup 2017 - Elimination Round,Jan/15/2017 20:05,87,5,55,2441,Grandmaster
53,Codeforces Round 395 (Div. 1),Feb/02/2017 16:35,51,3,51,2492,Grandmaster
54,"ICM Technex 2017 and Codeforces Round 400 (Div. 1 + Div. 2, combined)",Feb/23/2017 17:45,605,3,-127,2365,International Master
55,VK Cup 2017 - Round 1,Mar/18/2017 18:35,25,3,17,2382,International Master
56,Codeforces Round 406 (Div. 1),Mar/23/2017 18:05,258,1,-104,2278,Master
57,VK Cup 2017 - Round 2,Apr/16/2017 18:35,10,4,90,2368,International Master
58,Tinkoff Challenge - Elimination Round,Apr/23/2017 19:45,984,2,-164,2204,Master
59,VK Cup 2017 - Round 3,May/07/2017 18:45,5,4,120,2324,International Master
60,VK Cup 2017 - Finals,Jul/09/2017 11:05,10,3,20,2344,International Master
61,Codeforces Round 426 (Div. 1),Jul/30/2017 17:35,137,2,-15,2329,International Master
62,Codeforces Round 429 (Div. 1),Aug/18/2017 18:05,33,3,104,2433,Grandmaster
63,AIM Tech Round 4 (Div. 1),Aug/24/2017 19:35,170,2,-45,2388,International Master
64,MemSQL Start[c]UP 3.0 - Round 1,Sep/16/2017 20:35,490,3,-115,2273,Master
65,"Manthan, Codefest 17",Sep/24/2017 17:35,84,4,47,2320,International Master
66,MemSQL Start[c]UP 3.0 - Round 2 and Codeforces Round 437 (Div. 1),Sep/30/2017 20:05,172,2,-39,2281,Master
67,Codeforces Round 438 by Sberbank and Barcelona Bootcamp (Div. 1 + Div. 2 combined),Oct/05/2017 10:05,186,3,-23,2258,Master
68,Codeforces Round 443 (Div. 1),Oct/26/2017 17:45,142,1,-11,2247,Master
69,Codeforces Round 446 (Div. 1),Nov/17/2017 17:35,31,3,128,2375,International Master
70,Good Bye 2017,Dec/29/2017 18:40,695,3,-89,2286,Master
71,Hello 2018,Jan/08/2018 17:45,57,5,104,2390,International Master
72,Codeforces Round 462 (Div. 1),Feb/14/2018 15:05,387,1,-115,2275,Master
73,"ICM Technex 2018 and Codeforces Round 463 (Div. 1 + Div. 2, combined)",Feb/15/2018 17:35,53,5,87,2362,International Master
74,"Codeforces Round 468 (Div. 1, based on Technocup 2018 Final Round)",Mar/04/2018 18:35,49,4,50,2412,Grandmaster
75,Codeforces Round 469 (Div. 1),Mar/09/2018 11:10,91,4,-9,2403,Grandmaster
76,VK Cup 2018 - Round 1,Mar/10/2018 18:35,40,3,-49,2354,International Master
77,VK Cup 2018 - Round 2,Mar/24/2018 18:35,3,5,101,2455,Grandmaster
78,"Divide by Zero 2018 and Codeforces Round 474 (Div. 1 + Div. 2, combined)",Apr/07/2018 19:05,145,5,-35,2420,Grandmaster
79,VK Cup 2018 - Round 3,Apr/29/2018 16:15,7,4,42,2462,Grandmaster
80,"Codeforces Round 483 (Div. 1) [Thanks, Botan Investments and Victor Shaburov!]",May/15/2018 17:45,93,3,-10,2452,Grandmaster
81,Avito Code Challenge 2018,May/27/2018 17:50,103,6,-1,2451,Grandmaster
82,Codeforces Round 485 (Div. 1),May/29/2018 18:35,55,3,40,2491,Grandmaster
83,VK Cup 2018 - Final,Aug/12/2018 10:40,4,5,40,2531,Grandmaster
84,"Manthan, Codefest 18 (rated, Div. 1 + Div. 2)",Sep/02/2018 17:35,60,6,17,2548,Grandmaster
85,Codeforces Round 511 (Div. 1),Sep/21/2018 17:35,66,2,-6,2542,Grandmaster
86,"Codeforces Round 513 by Barcelona Bootcamp (rated, Div. 1 + Div. 2)",Oct/04/2018 10:05,343,5,-108,2434,Grandmaster
87,Lyft Level 5 Challenge 2018 - Elimination Round,Oct/07/2018 20:05,184,4,-25,2409,Grandmaster
88,Codeforces Round 767 (Div. 1),Jan/22/2022 17:35,232,4,6,2415,Grandmaster
89,Codeforces Round 768 (Div. 1),Jan/27/2022 17:35,697,2,-115,2300,International Master
90,Codeforces Global Round 19,Feb/12/2022 17:35,201,6,61,2361,International Master
91,Codeforces Round 773 (Div. 1),Feb/23/2022 13:10,434,2,-47,2314,International Master
92,Codeforces Round 789 (Div. 1),May/08/2022 17:35,511,3,-66,2248,Master
93,Codeforces Round 792 (Div. 1 + Div. 2),May/19/2022 17:35,895,4,-62,2186,Master
94,Codeforces Round 794 (Div. 1),May/25/2022 20:35,221,2,17,2203,Master
95,Codeforces Round 796 (Div. 1),Jun/03/2022 17:35,162,3,75,2278,Master
96,Codeforces Global Round 21,Jun/25/2022 17:35,732,5,-39,2239,Master
97,Codeforces Round 808 (Div. 1),Jul/16/2022 17:35,63,3,152,2391,International Master
98,"CodeTON Round 2 (Div. 1 + Div. 2, Rated, Prizes!)",Jul/31/2022 17:05,113,6,78,2469,Grandmaster
99,Codeforces Round 829 (Div. 1),Oct/23/2022 10:50,601,4,-98,2371,International Master
100,Codeforces Round 831 (Div. 1 + Div. 2),Oct/29/2022 12:10,542,5,-74,2297,Master
101,"CodeTON Round 3 (Div. 1 + Div. 2, Rated, Prizes!)",Nov/06/2022 17:35,761,4,-61,2236,Master
102,"Polynomial Round 2022 (Div. 1 + Div. 2, Rated, Prizes!)",Dec/17/2022 17:35,336,4,24,2260,Master
103,Good Bye 2022: 2023 is NEAR,Dec/30/2022 17:35,678,4,-7,2253,Master
104,Hello 2023,Jan/03/2023 17:35,590,4,-8,2245,Master
105,VK Cup 2022 - Отборочный раунд (Engine),Jan/15/2023 15:05,27,5,127,2372,International Master
106,"TypeDB Forces 2023 (Div. 1 + Div. 2, Rated, Prizes!)",Jan/29/2023 17:35,2765,2,-197,2175,Master
107,"Codeforces Round 850 (Div. 1, based on VK Cup 2022 - Final Round)",Feb/05/2023 15:05,555,2,-26,2149,Master
