#,Contest,Start time,Rank,Solved,Rating change,New rating,Title
1,Codeforces Round 450 (Div. 2),Dec/11/2017 19:05,336,3,93,1593,Specialist
2,Educational Codeforces Round 34 (Rated for Div. 2),Dec/12/2017 18:05,1236,3,-21,1572,Specialist
3,Codeforces Round 451 (Div. 2),Dec/16/2017 14:35,1649,2,-45,1527,Specialist
4,Codeforces Round 461 (Div. 2),Feb/07/2018 20:15,994,3,18,1545,Specialist
5,"ICM Technex 2018 and Codeforces Round 463 (Div. 1 + Div. 2, combined)",Feb/15/2018 17:35,1185,3,42,1587,Specialist
6,Educational Codeforces Round 42 (Rated for Div. 2),Apr/10/2018 17:35,982,3,0,1587,Specialist
7,Codeforces Round 526 (Div. 2),Dec/10/2018 19:35,206,4,99,1686,Expert
8,Good Bye 2018,Dec/30/2018 17:35,1641,4,31,1717,Expert
9,Codeforces Round 532 (Div. 2),Jan/13/2019 17:35,171,4,118,1835,Expert
10,Codeforces Round 534 (Div. 2),Jan/22/2019 17:35,1515,3,-63,1772,Expert
11,Codeforces Round 538 (Div. 2),Feb/10/2019 17:05,533,4,42,1814,Expert
12,Codeforces Round 539 (Div. 2),Feb/16/2019 19:35,309,4,26,1840,Expert
13,Educational Codeforces Round 60 (Rated for Div. 2),Feb/18/2019 18:40,678,3,-1,1839,Expert
14,Codeforces Round 541 (Div. 2),Feb/23/2019 13:20,773,4,-14,1825,Expert
15,Codeforces Round 546 (Div. 2),Mar/11/2019 19:35,539,3,-2,1823,Expert
16,Codeforces Round 548 (Div. 2),Mar/21/2019 18:35,535,3,10,1833,Expert
17,Educational Codeforces Round 62 (Rated for Div. 2),Mar/22/2019 18:05,138,5,87,1920,Candidate Master
18,Codeforces Round 549 (Div. 1),Mar/30/2019 20:10,277,1,2,1922,Candidate Master
19,Codeforces Global Round 2,Apr/06/2019 14:35,1155,4,-26,1896,Expert
20,Codeforces Round 551 (Div. 2),Apr/13/2019 17:05,636,4,-12,1884,Expert
21,Codeforces Round 557 (Div. 2) [based on Forethought Future Cup - Final Round],May/04/2019 20:05,169,4,11,1895,Expert
22,Codeforces Round 568 (Div. 2),Jun/19/2019 17:45,1440,3,-68,1827,Expert
23,Codeforces Round 569 (Div. 2),Jun/21/2019 20:05,567,3,-22,1805,Expert
24,Educational Codeforces Round 67 (Rated for Div. 2),Jun/30/2019 17:45,1751,2,-68,1737,Expert
25,Codeforces Round 572 (Div. 2),Jul/05/2019 18:05,994,4,-21,1716,Expert
26,Codeforces Global Round 5,Oct/16/2019 17:35,498,5,125,1841,Expert
27,Codeforces Round 593 (Div. 2),Oct/17/2019 16:35,674,3,6,1847,Expert
28,Codeforces Round 609 (Div. 2),Dec/21/2019 14:05,36,4,130,1977,Candidate Master
29,Hello 2020,Jan/04/2020 15:05,599,4,53,2030,Candidate Master
30,Codeforces Round 612 (Div. 1),Jan/05/2020 17:05,619,2,-42,1988,Candidate Master
31,Codeforces Round 614 (Div. 1),Jan/19/2020 16:35,179,3,121,2109,Master
32,Codeforces Round 616 (Div. 1),Feb/02/2020 17:05,200,3,71,2180,Master
33,Codeforces Round 618 (Div. 1),Feb/09/2020 17:05,792,2,-77,2103,Master
34,Codeforces Round 621 (Div. 1 + Div. 2),Feb/17/2020 18:35,916,4,-32,2071,Candidate Master
35,"Codeforces Round 623 (Div. 1, based on VK Cup 2019-2020 - Elimination Round, Engine)",Feb/23/2020 19:05,451,1,-67,2004,Candidate Master
36,"Codeforces Round 625 (Div. 1, based on Technocup 2020 Final Round)",Mar/01/2020 16:15,548,3,2,2006,Candidate Master
37,"Codeforces Round 631 (Div. 1) - Thanks, Denis aramis Shitov!",Apr/03/2020 17:35,1100,1,-58,1948,Candidate Master
38,Codeforces Round 633 (Div. 1),Apr/12/2020 17:05,1138,2,-46,1902,Candidate Master
39,Codeforces Round 641 (Div. 1),May/12/2020 15:35,351,3,126,2028,Candidate Master
40,Educational Codeforces Round 87 (Rated for Div. 2),May/17/2020 12:20,1173,4,-47,1981,Candidate Master
41,Codeforces Round 646 (Div. 2),May/31/2020 17:35,196,5,83,2064,Candidate Master
42,"Codeforces Round 647 (Div. 1) - Thanks, Algo Muse!",Jun/04/2020 17:35,720,2,-21,2043,Candidate Master
43,Codeforces Round 648 (Div. 2),Jun/07/2020 17:35,3,7,257,2300,International Master
44,Codeforces Global Round 8,Jun/18/2020 17:45,1099,4,-58,2242,Master
45,Codeforces Global Round 9,Jul/04/2020 17:45,1596,4,-66,2176,Master
46,Codeforces Round 658 (Div. 1),Jul/21/2020 17:35,712,3,-33,2143,Master
47,Codeforces Round 659 (Div. 1),Jul/24/2020 17:35,863,2,-53,2090,Candidate Master
48,Educational Codeforces Round 92 (Rated for Div. 2),Jul/29/2020 17:35,104,5,80,2170,Master
49,Codeforces Global Round 10,Aug/16/2020 17:35,1004,5,-37,2133,Master
50,Codeforces Round 666 (Div. 1),Aug/30/2020 17:35,448,3,27,2160,Master
51,Codeforces Round 673 (Div. 1),Sep/27/2020 18:05,226,3,64,2224,Master
52,Grakn Forces 2020,Sep/30/2020 17:35,708,4,-21,2203,Master
53,"Codeforces Round 679 (Div. 1, based on Technocup 2021 Elimination Round 1)",Oct/25/2020 14:05,611,2,-71,2132,Master
54,"Codeforces Round 680 (Div. 1, based on Moscow Team Olympiad)",Nov/01/2020 14:05,598,2,-35,2097,Candidate Master
55,"Codeforces Round 681 (Div. 1, based on VK Cup 2019-2020 - Final)",Nov/02/2020 17:35,768,2,-67,2030,Candidate Master
56,"Codeforces Round 683 (Div. 1, by Meet IT)",Nov/15/2020 17:35,277,3,83,2113,Master
57,Codeforces Round 684 (Div. 1),Nov/17/2020 17:35,755,2,-67,2046,Candidate Master
58,Educational Codeforces Round 98 (Rated for Div. 2),Nov/19/2020 17:35,63,5,91,2137,Master
59,Codeforces Global Round 12,Dec/06/2020 17:35,529,5,22,2159,Master
60,Codeforces Round 691 (Div. 1),Dec/19/2020 12:35,501,2,-42,2117,Master
61,"Codeforces Round 692 (Div. 1, based on Technocup 2021 Elimination Round 3)",Dec/20/2020 18:05,457,2,-13,2104,Master
62,Good Bye 2020,Dec/30/2020 17:35,608,6,42,2146,Master
63,Codeforces Round 698 (Div. 1),Jan/28/2021 17:35,306,3,30,2176,Master
64,Codeforces Round 700 (Div. 1),Feb/07/2021 17:35,552,2,-11,2165,Master
65,Codeforces Global Round 13,Feb/28/2021 16:35,218,5,102,2267,Master
66,Codeforces Round 712 (Div. 1),Apr/03/2021 17:35,263,3,28,2295,Master
67,Codeforces Round 715 (Div. 1),Apr/16/2021 17:35,701,1,-90,2205,Master
68,Contest 2050 and Codeforces Round 718 (Div. 1 + Div. 2),Apr/23/2021 17:35,496,4,17,2222,Master
69,Codeforces Global Round 14,May/02/2021 17:35,520,5,9,2231,Master
70,Codeforces Round 722 (Div. 1),May/24/2021 17:35,307,3,23,2254,Master
71,"Deltix Round, Spring 2021 (open for everyone, rated, Div. 1 + Div. 2)",May/30/2021 17:35,70,5,158,2412,Grandmaster
72,Codeforces LATOKEN Round 1 (Div. 1 + Div. 2),Jun/13/2021 18:35,144,6,47,2459,Grandmaster
73,Codeforces Round 728 (Div. 1),Jun/25/2021 18:35,178,2,-10,2449,Grandmaster
74,Codeforces Round 732 (Div. 1),Jul/11/2021 17:05,552,2,-87,2362,International Master
75,"Codeforces Round 733 (Div. 1 + Div. 2, based on VK Cup 2021 - Elimination (Engine))",Jul/17/2021 17:35,440,5,-26,2336,International Master
76,"Harbour.Space Scholarship Contest 2021-2022 (open for everyone, rated, Div. 1 + Div. 2)",Jul/22/2021 17:35,195,6,39,2375,International Master
77,Codeforces Global Round 15,Jul/25/2021 17:35,1258,4,-108,2267,Master
78,Codeforces Round 736 (Div. 1),Aug/01/2021 17:35,577,2,-41,2226,Master
79,"Codeforces Round 740 (Div. 1, based on VK Cup 2021 - Final (Engine))",Aug/24/2021 17:35,617,2,-56,2170,Master
80,"Deltix Round, Summer 2021 (open for everyone, rated, Div. 1 + Div. 2)",Aug/29/2021 17:35,427,5,36,2206,Master
81,Codeforces Global Round 16,Sep/12/2021 17:35,223,6,78,2284,Master
82,"Codeforces Round 749 (Div. 1 + Div. 2, based on Technocup 2022 Elimination Round 1)",Oct/17/2021 14:05,315,5,16,2300,International Master
83,Codeforces Round 751 (Div. 1),Oct/25/2021 09:35,139,3,40,2340,International Master
84,Codeforces Round 752 (Div. 1),Oct/30/2021 17:35,840,2,-106,2234,Master
85,"Codeforces Round 755 (Div. 1, based on Technocup 2022 Elimination Round 2)",Nov/14/2021 09:05,302,2,-16,2218,Master
86,Codeforces Global Round 17,Nov/23/2021 17:35,339,5,27,2245,Master
87,"Deltix Round, Autumn 2021 (open for everyone, rated, Div. 1 + Div. 2)",Nov/28/2021 17:35,466,4,-3,2242,Master
88,Codeforces Round 758 (Div.1 + Div. 2),Dec/11/2021 13:05,373,3,-6,2236,Master
89,Codeforces Global Round 18,Dec/24/2021 17:35,219,5,66,2302,International Master
90,Good Bye 2021: 2022 is NEAR,Dec/29/2021 18:35,597,4,-18,2284,Master
91,Hello 2022,Jan/03/2022 17:35,344,5,28,2312,International Master
92,Codeforces Round 767 (Div. 1),Jan/22/2022 17:35,240,4,29,2341,International Master
93,Codeforces Round 768 (Div. 1),Jan/27/2022 17:35,222,3,19,2360,International Master
94,Codeforces Global Round 19,Feb/12/2022 17:35,199,6,46,2406,Grandmaster
95,"Codeforces Round 775 (Div. 1, based on Moscow Open Olympiad in Informatics)",Mar/06/2022 12:55,64,4,100,2506,Grandmaster
96,"CodeTON Round 1 (Div. 1 + Div. 2, Rated, Prizes!)",Mar/24/2022 17:35,575,5,-71,2435,Grandmaster
97,Codeforces Round 783 (Div. 1),Apr/19/2022 17:35,359,2,-50,2385,International Master
98,Codeforces Global Round 20,Apr/23/2022 17:05,426,6,-22,2363,International Master
99,Codeforces Round 789 (Div. 1),May/08/2022 17:35,187,4,24,2387,International Master
100,Codeforces Round 792 (Div. 1 + Div. 2),May/19/2022 17:35,441,4,-34,2353,International Master
101,Codeforces Round 794 (Div. 1),May/25/2022 20:35,173,2,-1,2352,International Master
102,Codeforces Round 796 (Div. 1),Jun/03/2022 17:35,168,3,30,2382,International Master
103,Codeforces Global Round 21,Jun/25/2022 17:35,648,5,-53,2329,International Master
104,Codeforces Round 808 (Div. 1),Jul/16/2022 17:35,794,0,-126,2203,Master
105,"CodeTON Round 2 (Div. 1 + Div. 2, Rated, Prizes!)",Jul/31/2022 17:05,104,6,136,2339,International Master
106,Codeforces Round 814 (Div. 1),Aug/16/2022 17:35,587,2,-83,2256,Master
107,Codeforces Global Round 22,Sep/30/2022 17:35,84,6,133,2389,International Master
108,Codeforces Global Round 23,Oct/15/2022 17:35,770,4,-66,2323,International Master
109,Codeforces Round 831 (Div. 1 + Div. 2),Oct/29/2022 12:10,233,5,3,2326,International Master
110,"CodeTON Round 3 (Div. 1 + Div. 2, Rated, Prizes!)",Nov/06/2022 17:35,230,5,30,2356,International Master
111,Pinely Round 1 (Div. 1 + Div. 2),Nov/20/2022 17:35,627,4,-65,2291,Master
112,Codeforces Global Round 24,Nov/26/2022 17:05,505,4,-36,2255,Master
113,"Polynomial Round 2022 (Div. 1 + Div. 2, Rated, Prizes!)",Dec/17/2022 17:35,734,4,-48,2207,Master
114,Good Bye 2022: 2023 is NEAR,Dec/30/2022 17:35,333,5,65,2272,Master
115,Hello 2023,Jan/03/2023 17:35,129,6,111,2383,International Master
116,Codeforces Round 854 by cybercats (Div. 1 + Div. 2),Feb/27/2023 17:35,1058,4,-124,2259,Master
