#,Contest,Start time,Rank,Solved,Rating change,New rating,Title
1,Codeforces Round 353 (Div. 2),May/16/2016 19:35,938,2,24,1524,Specialist
2,Codeforces Round 355 (Div. 2),Jun/01/2016 19:35,1033,3,8,1532,Specialist
3,Codeforces Round 359 (Div. 2),Jun/23/2016 19:35,48,4,197,1729,Expert
4,Codeforces Round 360 (Div. 2),Jun/29/2016 20:05,2239,2,-102,1627,Expert
5,Codeforces Round 361 (Div. 2),Jul/06/2016 19:35,185,3,102,1729,Expert
6,Codeforces Round 362 (Div. 2),Jul/14/2016 19:35,927,2,-34,1695,Expert
7,Codeforces Round 363 (Div. 2),Jul/19/2016 16:05,580,3,18,1713,Expert
8,Codeforces Round 364 (Div. 2),Jul/22/2016 19:35,377,3,36,1749,Expert
9,Codeforces Round 366 (Div. 2),Aug/07/2016 17:05,1281,2,-49,1700,Expert
10,Codeforces Round 367 (Div. 2),Aug/11/2016 19:35,488,3,24,1724,Expert
11,Codeforces Round 368 (Div. 2),Aug/20/2016 16:05,2057,2,-62,1662,Expert
12,AIM Tech Round 3 (Div. 2),Aug/24/2016 19:35,158,4,87,1749,Expert
13,Codeforces Round 369 (Div. 2),Aug/29/2016 15:05,281,3,46,1795,Expert
14,Codeforces Round 371 (Div. 2),Sep/13/2016 19:35,302,3,26,1821,Expert
15,Codeforces Round 372 (Div. 2),Sep/17/2016 16:45,31,3,140,1961,Candidate Master
16,"Intel Code Challenge Elimination Round (Div. 1 + Div. 2, combined)",Oct/01/2016 17:05,265,4,69,2030,Candidate Master
17,"Intel Code Challenge Final Round (Div. 1 + Div. 2, Combined)",Oct/08/2016 15:15,632,3,-33,1997,Candidate Master
18,"Codeforces Round 380 (Div. 1, Rated, Based on Technocup 2017 - Elimination Round 2)",Nov/20/2016 12:05,395,0,-93,1904,Candidate Master
19,Codeforces Round 381 (Div. 1),Nov/23/2016 19:35,279,2,33,1937,Candidate Master
20,Codeforces Round 382 (Div. 1),Nov/27/2016 19:35,294,2,21,1958,Candidate Master
21,Codeforces Round 383 (Div. 1),Dec/06/2016 17:35,321,2,-3,1955,Candidate Master
22,Codeforces Round 385 (Div. 1),Dec/17/2016 19:35,513,1,-65,1890,Expert
23,Codeforces Round 388 (Div. 2),Dec/19/2016 19:35,565,3,-46,1844,Expert
24,"Codeforces Round 389 (Div. 2, Rated, Based on Technocup 2017 - Elimination Round 3)",Dec/25/2016 12:05,29,4,107,1951,Candidate Master
25,Good Bye 2016,Dec/30/2016 17:15,885,4,3,1954,Candidate Master
26,"Codecraft-17 and Codeforces Round 391 (Div. 1 + Div. 2, combined)",Jan/12/2017 18:35,421,3,31,1985,Candidate Master
27,8VC Venture Cup 2017 - Elimination Round,Jan/15/2017 20:05,676,3,-20,1965,Candidate Master
28,Codeforces Round 393 (Div. 1) (8VC Venture Cup 2017 - Final Round Div. 1 Edition),Jan/22/2017 21:15,371,2,-87,1878,Expert
29,Codeforces Round 395 (Div. 2),Feb/02/2017 16:35,128,3,45,1923,Candidate Master
30,Codeforces Round 397 by Kaspersky Lab and Barcelona Bootcamp (Div. 1 + Div. 2 combined),Feb/14/2017 11:05,132,5,120,2043,Candidate Master
31,"Divide by Zero 2017 and Codeforces Round 399 (Div. 1 + Div. 2, combined)",Feb/20/2017 19:05,402,4,10,2053,Candidate Master
32,"ICM Technex 2017 and Codeforces Round 400 (Div. 1 + Div. 2, combined)",Feb/23/2017 17:45,197,5,66,2119,Master
33,Codeforces Round 402 (Div. 1),Feb/26/2017 11:05,259,2,-38,2081,Candidate Master
34,"Codeforces Round 403 (Div. 1, based on Technocup 2017 Finals)",Mar/05/2017 16:05,197,3,18,2099,Candidate Master
35,"Codeforces Round 405 (rated, Div. 1, based on VK Cup 2017 Round 1)",Mar/18/2017 18:35,385,1,-90,2009,Candidate Master
36,Codeforces Round 407 (Div. 1),Mar/29/2017 19:05,347,1,-42,1967,Candidate Master
37,"Codeforces Round 409 (rated, Div. 1, based on VK Cup 2017 Round 2)",Apr/16/2017 18:35,167,2,15,1982,Candidate Master
38,Tinkoff Challenge - Elimination Round,Apr/23/2017 19:45,77,4,149,2131,Master
39,Codeforces Round 411 (Div. 1),May/04/2017 17:50,383,2,-55,2076,Candidate Master
40,"Codeforces Round 412 (rated, Div. 1, based on VK Cup 2017 Round 3)",May/07/2017 18:45,99,3,83,2159,Master
41,"Playrix Codescapes Cup (Codeforces Round 413, rated, Div. 1 + Div. 2)",May/11/2017 18:35,154,4,54,2213,Master
42,"Tinkoff Challenge - Final Round (Codeforces Round 414, rated, Div. 1 + Div. 2)",May/13/2017 12:35,246,3,-17,2196,Master
43,Codeforces Round 415 (Div. 1),May/20/2017 21:05,69,2,71,2267,Master
44,Codeforces Round 419 (Div. 1),Jun/17/2017 17:35,240,2,-28,2239,Master
45,"Codeforces Round 423 (Div. 1, rated, based on VK Cup Finals)",Jul/11/2017 19:45,103,3,27,2266,Master
46,"Codeforces Round 424 (Div. 1, rated, based on VK Cup Finals)",Jul/13/2017 18:05,420,1,-111,2155,Master
47,Codeforces Round 426 (Div. 1),Jul/30/2017 17:35,380,0,-105,2050,Candidate Master
48,Codeforces Round 429 (Div. 1),Aug/18/2017 18:05,172,2,45,2095,Candidate Master
49,Codeforces Round 431 (Div. 1),Sep/01/2017 16:35,327,2,-22,2073,Candidate Master
50,"Codeforces Round 432 (Div. 1, based on IndiaHacks Final Round 2017)",Sep/04/2017 17:35,345,1,-78,1995,Candidate Master
51,"Codeforces Round 433 (Div. 1, based on Olympiad of Metropolises)",Sep/06/2017 15:55,308,2,-11,1984,Candidate Master
52,"Manthan, Codefest 17",Sep/24/2017 17:35,232,3,45,2029,Candidate Master
53,MemSQL Start[c]UP 3.0 - Round 2 and Codeforces Round 437 (Div. 1),Sep/30/2017 20:05,181,2,30,2059,Candidate Master
54,Codeforces Round 438 by Sberbank and Barcelona Bootcamp (Div. 1 + Div. 2 combined),Oct/05/2017 10:05,99,4,82,2141,Master
55,Codeforces Round 443 (Div. 1),Oct/26/2017 17:45,282,1,-56,2085,Candidate Master
56,Codeforces Round 446 (Div. 1),Nov/17/2017 17:35,276,1,-30,2055,Candidate Master
57,Codeforces Round 453 (Div. 1),Dec/19/2017 18:35,84,2,87,2142,Master
58,"Codeforces Round 454 (Div. 1, based on Technocup 2018 Elimination Round 4)",Dec/23/2017 17:05,273,1,-28,2114,Master
59,Good Bye 2017,Dec/29/2017 18:40,706,3,-27,2087,Candidate Master
60,Hello 2018,Jan/08/2018 17:45,233,4,56,2143,Master
61,"Codecraft-18 and Codeforces Round 458 (Div. 1 + Div. 2, combined)",Jan/20/2018 18:35,541,3,-41,2102,Master
62,Codeforces Round 462 (Div. 1),Feb/14/2018 15:05,276,2,-20,2082,Candidate Master
63,"ICM Technex 2018 and Codeforces Round 463 (Div. 1 + Div. 2, combined)",Feb/15/2018 17:35,451,3,-14,2068,Candidate Master
64,Codeforces Round 467 (Div. 1),Feb/25/2018 19:05,44,3,144,2212,Master
65,"Codeforces Round 468 (Div. 1, based on Technocup 2018 Final Round)",Mar/04/2018 18:35,130,3,14,2226,Master
66,Codeforces Round 469 (Div. 1),Mar/09/2018 11:10,84,4,45,2271,Master
67,"Codeforces Round 470 (rated, Div. 1, based on VK Cup 2018 Round 1)",Mar/10/2018 18:35,260,3,-63,2208,Master
68,"Codeforces Round 472 (rated, Div. 1, based on VK Cup 2018 Round 2)",Mar/24/2018 18:35,147,3,-11,2197,Master
69,"Divide by Zero 2018 and Codeforces Round 474 (Div. 1 + Div. 2, combined)",Apr/07/2018 19:05,297,4,-21,2176,Master
70,Tinkoff Internship Warmup Round 2018 and Codeforces Round 475 (Div. 1),Apr/17/2018 17:05,192,2,-13,2163,Master
71,"Codeforces Round 477 (rated, Div. 1, based on VK Cup 2018 Round 3)",Apr/29/2018 16:15,145,3,18,2181,Master
72,"Codeforces Round 483 (Div. 1) [Thanks, Botan Investments and Victor Shaburov!]",May/15/2018 17:45,227,2,-15,2166,Master
73,Avito Code Challenge 2018,May/27/2018 17:50,221,5,13,2179,Master
74,Codeforces Round 488 by NEAR (Div. 1),Jun/16/2018 19:35,173,3,-6,2173,Master
75,"Codeforces Round 492 (Div. 1) [Thanks, uDebug!]",Jun/24/2018 19:35,233,2,-28,2145,Master
76,Codeforces Round 493 (Div. 1),Jul/01/2018 17:05,178,2,15,2160,Master
77,Codeforces Round 497 (Div. 1),Jul/13/2018 17:35,102,2,67,2227,Master
78,Codeforces Round 499 (Div. 1),Jul/26/2018 18:05,105,4,49,2276,Master
79,Codeforces Round 500 (Div. 1) [based on EJOI],Jul/30/2018 11:15,162,3,-17,2259,Master
80,"Codeforces Round 503 (by SIS, Div. 1)",Aug/11/2018 16:35,91,2,47,2306,International Master
81,"Codeforces Round 505 (rated, Div. 1 + Div. 2, based on VK Cup 2018 Final)",Aug/19/2018 16:35,108,4,42,2348,International Master
82,"AIM Tech Round 5 (rated, Div. 1 + Div. 2)",Aug/27/2018 19:35,176,4,-7,2341,International Master
83,"Manthan, Codefest 18 (rated, Div. 1 + Div. 2)",Sep/02/2018 17:35,127,5,17,2358,International Master
84,"Codeforces Round 507 (Div. 1, based on Olympiad of Metropolises)",Sep/05/2018 19:35,92,3,-11,2347,International Master
85,"Codeforces Round 512 (Div. 1, based on Technocup 2019 Elimination Round 1)",Sep/23/2018 16:05,96,3,1,2348,International Master
86,Lyft Level 5 Challenge 2018 - Elimination Round,Oct/07/2018 20:05,44,5,100,2448,Grandmaster
87,"Codeforces Round 516 (Div. 1, by Moscow Team Olympiad)",Oct/14/2018 13:05,120,3,-34,2414,Grandmaster
88,Mail.Ru Cup 2018 Round 1,Oct/18/2018 19:35,170,4,-28,2386,International Master
89,Codeforces Round 519 by Botan Investments,Oct/28/2018 18:35,160,5,6,2392,International Master
90,Lyft Level 5 Challenge 2018 - Final Round (Open Div. 1),Nov/04/2018 21:10,84,4,-17,2375,International Master
91,Mail.Ru Cup 2018 Round 2,Nov/10/2018 17:35,198,3,-27,2348,International Master
92,Mail.Ru Cup 2018 Round 3,Nov/25/2018 19:35,196,5,-21,2327,International Master
93,Codeforces Round 526 (Div. 1),Dec/10/2018 19:35,22,3,121,2448,Grandmaster
94,Avito Cool Challenge 2018,Dec/16/2018 17:35,92,5,11,2459,Grandmaster
95,"Codeforces Round 528 (Div. 1, based on Technocup 2019 Elimination Round 4)",Dec/23/2018 16:35,162,3,-48,2411,Grandmaster
96,Good Bye 2018,Dec/30/2018 17:35,216,5,8,2419,Grandmaster
97,Hello 2019,Jan/04/2019 17:45,163,5,14,2433,Grandmaster
98,Codeforces Round 530 (Div. 1),Jan/05/2019 19:35,91,3,18,2451,Grandmaster
99,Codeforces Round 534 (Div. 1),Jan/22/2019 17:35,100,2,-7,2444,Grandmaster
100,Codeforces Global Round 1,Feb/07/2019 16:35,87,6,56,2500,Grandmaster
101,Codeforces Round 539 (Div. 1),Feb/16/2019 19:35,105,3,-32,2468,Grandmaster
102,Codeforces Round 542 [Alex Lopashev Thanks-Round] (Div. 1),Feb/24/2019 18:35,73,4,-3,2465,Grandmaster
103,Codeforces Round 545 (Div. 1),Mar/08/2019 12:05,198,2,-69,2396,International Master
104,Codeforces Global Round 2,Apr/06/2019 14:35,157,5,13,2409,Grandmaster
105,Forethought Future Cup - Elimination Round,Apr/20/2019 21:05,141,5,-11,2398,International Master
106,Codeforces Round 556 (Div. 1),Apr/29/2019 17:35,106,2,26,2424,Grandmaster
107,Codeforces Round 557 (Div. 1) [based on Forethought Future Cup - Final Round],May/04/2019 20:05,80,4,7,2431,Grandmaster
108,Codeforces Round 559 (Div. 1),May/12/2019 17:35,78,3,11,2442,Grandmaster
109,Codeforces Round 562 (Div. 1),May/26/2019 18:35,21,3,116,2558,Grandmaster
110,Codeforces Global Round 3,Jun/01/2019 17:35,131,5,-15,2543,Grandmaster
111,Codeforces Round 564 (Div. 1),Jun/07/2019 15:05,66,4,4,2547,Grandmaster
112,Codeforces Round 569 (Div. 1),Jun/21/2019 20:05,103,3,-32,2515,Grandmaster
113,Codeforces Round 572 (Div. 1),Jul/05/2019 18:05,63,3,21,2536,Grandmaster
114,Codeforces Round 573 (Div. 1),Jul/12/2019 17:35,31,4,68,2604,International Grandmaster
115,Codeforces Global Round 4,Jul/20/2019 18:35,365,6,-101,2503,Grandmaster
116,Codeforces Round 576 (Div. 1),Jul/30/2019 17:35,36,5,70,2573,Grandmaster
117,Codeforces Round 580 (Div. 1),Aug/18/2019 16:45,80,3,-3,2570,Grandmaster
118,"Manthan, Codefest 19 (open for everyone, rated, Div. 1 + Div. 2)",Aug/25/2019 17:35,72,6,19,2589,Grandmaster
119,"Codeforces Round 583 (Div. 1 + Div. 2, based on Olympiad of Metropolises)",Sep/04/2019 12:05,21,6,74,2663,International Grandmaster
120,"Codeforces Round 584 - Dasha Code Championship - Elimination Round (rated, open for everyone, Div. 1 + Div. 2)",Sep/14/2019 16:05,60,8,16,2679,International Grandmaster
121,Codeforces Round 586 (Div. 1 + Div. 2),Sep/18/2019 19:05,19,6,64,2743,International Grandmaster
122,Codeforces Round 588 (Div. 1),Sep/23/2019 17:05,99,3,-53,2690,International Grandmaster
123,Codeforces Global Round 5,Oct/16/2019 17:35,255,5,-75,2615,International Grandmaster
124,"Codeforces Round 596 (Div. 1, based on Technocup 2020 Elimination Round 2)",Oct/26/2019 14:05,31,4,45,2660,International Grandmaster
125,Codeforces Round 599 (Div. 1),Nov/06/2019 18:05,54,3,23,2683,International Grandmaster
126,Codeforces Round 601 (Div. 1),Nov/19/2019 17:35,149,4,-70,2613,International Grandmaster
127,"Codeforces Round 602 (Div. 1, based on Technocup 2020 Elimination Round 3)",Nov/24/2019 11:05,39,7,30,2643,International Grandmaster
128,Codeforces Round 604 (Div. 1),Dec/05/2019 17:35,68,4,-3,2640,International Grandmaster
129,Codeforces Global Round 6,Dec/17/2019 18:05,51,5,40,2680,International Grandmaster
130,Codeforces Round 609 (Div. 1),Dec/21/2019 14:05,112,3,-54,2626,International Grandmaster
131,Good Bye 2019,Dec/29/2019 17:05,136,6,-11,2615,International Grandmaster
132,Hello 2020,Jan/04/2020 15:05,138,5,-4,2611,International Grandmaster
133,Codeforces Round 612 (Div. 1),Jan/05/2020 17:05,70,3,23,2634,International Grandmaster
134,Codeforces Round 614 (Div. 1),Jan/19/2020 16:35,13,4,120,2754,International Grandmaster
135,Codeforces Round 616 (Div. 1),Feb/02/2020 17:05,128,3,-63,2691,International Grandmaster
136,Codeforces Round 621 (Div. 1 + Div. 2),Feb/17/2020 18:35,64,5,13,2704,International Grandmaster
137,"Codeforces Round 623 (Div. 1, based on VK Cup 2019-2020 - Elimination Round, Engine)",Feb/23/2020 19:05,102,2,-62,2642,International Grandmaster
138,"Codeforces Round 625 (Div. 1, based on Technocup 2020 Final Round)",Mar/01/2020 16:15,282,3,-83,2559,Grandmaster
139,"Ozon Tech Challenge 2020 (Div.1 + Div.2, Rated, T-shirts + prizes!)",Mar/03/2020 17:35,50,6,79,2638,International Grandmaster
140,"Codeforces Round 626 (Div. 1, based on Moscow Open Olympiad in Informatics)",Mar/07/2020 12:35,284,2,-93,2545,Grandmaster
141,Codeforces Global Round 7,Mar/19/2020 17:35,152,6,16,2561,Grandmaster
142,"Codeforces Round 631 (Div. 1) - Thanks, Denis aramis Shitov!",Apr/03/2020 17:35,231,3,-25,2536,Grandmaster
143,Codeforces Round 633 (Div. 1),Apr/12/2020 17:05,429,3,-73,2463,Grandmaster
144,Codeforces Round 635 (Div. 1),Apr/15/2020 17:35,389,3,-42,2421,Grandmaster
145,Codeforces Round 641 (Div. 1),May/12/2020 15:35,82,3,82,2503,Grandmaster
146,"Codeforces Round 647 (Div. 1) - Thanks, Algo Muse!",Jun/04/2020 17:35,153,3,5,2508,Grandmaster
147,Codeforces Global Round 8,Jun/18/2020 17:45,235,5,-3,2505,Grandmaster
148,Codeforces Global Round 9,Jul/04/2020 17:45,242,5,8,2513,Grandmaster
149,Codeforces Round 658 (Div. 1),Jul/21/2020 17:35,170,4,-2,2511,Grandmaster
150,Codeforces Round 659 (Div. 1),Jul/24/2020 17:35,268,2,-33,2478,Grandmaster
151,Codeforces Round 664 (Div. 1),Aug/12/2020 17:35,63,3,79,2557,Grandmaster
152,Codeforces Global Round 10,Aug/16/2020 17:35,449,5,-69,2488,Grandmaster
153,Codeforces Round 666 (Div. 1),Aug/30/2020 17:35,113,3,40,2528,Grandmaster
154,Grakn Forces 2020,Sep/30/2020 17:35,186,6,2,2530,Grandmaster
155,Codeforces Global Round 11,Oct/10/2020 17:50,111,5,46,2576,Grandmaster
156,Codeforces Raif Round 1 (Div. 1 + Div. 2),Oct/17/2020 16:05,65,6,60,2636,International Grandmaster
157,"Codeforces Round 679 (Div. 1, based on Technocup 2021 Elimination Round 1)",Oct/25/2020 14:05,174,3,-42,2594,Grandmaster
158,"Codeforces Round 680 (Div. 1, based on Moscow Team Olympiad)",Nov/01/2020 14:05,86,3,19,2613,International Grandmaster
159,"Codeforces Round 681 (Div. 1, based on VK Cup 2019-2020 - Final)",Nov/02/2020 17:35,128,3,-18,2595,Grandmaster
160,"Codeforces Round 683 (Div. 1, by Meet IT)",Nov/15/2020 17:35,45,4,72,2667,International Grandmaster
161,Codeforces Round 684 (Div. 1),Nov/17/2020 17:35,152,3,-35,2632,International Grandmaster
162,Codeforces Global Round 12,Dec/06/2020 17:35,274,6,-50,2582,Grandmaster
163,Codeforces Round 691 (Div. 1),Dec/19/2020 12:35,232,2,-62,2520,Grandmaster
164,"Codeforces Round 692 (Div. 1, based on Technocup 2021 Elimination Round 3)",Dec/20/2020 18:05,158,3,-11,2509,Grandmaster
165,Good Bye 2020,Dec/30/2020 17:35,25,7,160,2669,International Grandmaster
166,Codeforces Round 694 (Div. 1),Jan/05/2021 17:35,58,4,33,2702,International Grandmaster
167,Codeforces Round 700 (Div. 1),Feb/07/2021 17:35,73,4,24,2726,International Grandmaster
168,Codeforces Global Round 16,Sep/12/2021 17:35,473,6,-110,2616,International Grandmaster
169,"Codeforces Round 749 (Div. 1 + Div. 2, based on Technocup 2022 Elimination Round 1)",Oct/17/2021 14:05,213,5,-38,2578,Grandmaster
170,Codeforces Round 752 (Div. 1),Oct/30/2021 17:35,182,3,-11,2567,Grandmaster
171,Codeforces Global Round 17,Nov/23/2021 17:35,115,5,26,2593,Grandmaster
172,"Deltix Round, Autumn 2021 (open for everyone, rated, Div. 1 + Div. 2)",Nov/28/2021 17:35,155,5,-1,2592,Grandmaster
173,Codeforces Round 758 (Div.1 + Div. 2),Dec/11/2021 13:05,383,3,-91,2501,Grandmaster
174,Codeforces Global Round 18,Dec/24/2021 17:35,150,5,28,2529,Grandmaster
175,Good Bye 2021: 2022 is NEAR,Dec/29/2021 18:35,288,5,-15,2514,Grandmaster
176,Hello 2022,Jan/03/2022 17:35,103,6,64,2578,Grandmaster
177,Codeforces Global Round 19,Feb/12/2022 17:35,346,5,-51,2527,Grandmaster
178,"Codeforces Round 778 (Div. 1 + Div. 2, based on Technocup 2022 Final Round)",Mar/20/2022 14:35,114,5,35,2562,Grandmaster
179,"CodeTON Round 1 (Div. 1 + Div. 2, Rated, Prizes!)",Mar/24/2022 17:35,230,5,-13,2549,Grandmaster
180,Codeforces Global Round 20,Apr/23/2022 17:05,157,7,21,2570,Grandmaster
181,Codeforces Round 796 (Div. 1),Jun/03/2022 17:35,85,3,33,2603,International Grandmaster
182,Dytechlab Cup 2022,Oct/07/2022 17:35,531,3,-106,2497,Grandmaster
183,Codeforces Global Round 23,Oct/15/2022 17:35,841,4,-99,2398,International Master
184,Codeforces Round 829 (Div. 1),Oct/23/2022 10:50,533,4,-72,2326,International Master
185,Codeforces Round 831 (Div. 1 + Div. 2),Oct/29/2022 12:10,360,5,-31,2295,Master
186,"CodeTON Round 3 (Div. 1 + Div. 2, Rated, Prizes!)",Nov/06/2022 17:35,83,6,115,2410,Grandmaster
187,Pinely Round 1 (Div. 1 + Div. 2),Nov/20/2022 17:35,58,5,109,2519,Grandmaster
188,Codeforces Global Round 24,Nov/26/2022 17:05,302,5,-47,2472,Grandmaster
189,Codeforces Round 854 by cybercats (Div. 1 + Div. 2),Feb/27/2023 17:35,457,5,-68,2404,Grandmaster
