#,Contest,Start time,Rank,Solved,Rating change,New rating,Title
1,Codeforces Round 572 (Div. 2),Jul/05/2019 18:05,851,4,55,1555,Specialist
2,Codeforces Round 573 (Div. 2),Jul/12/2019 17:35,868,3,49,1604,Expert
3,Educational Codeforces Round 68 (Rated for Div. 2),Jul/14/2019 17:45,224,4,140,1744,Expert
4,Codeforces Global Round 4,Jul/20/2019 18:35,2351,3,-59,1685,Expert
5,Educational Codeforces Round 69 (Rated for Div. 2),Jul/22/2019 17:35,281,4,105,1790,Expert
6,Codeforces Round 576 (Div. 2),Jul/30/2019 17:35,106,4,101,1891,Expert
7,Codeforces Round 577 (Div. 2),Aug/04/2019 19:35,139,4,73,1964,Candidate Master
8,Educational Codeforces Round 70 (Rated for Div. 2),Aug/07/2019 17:35,3322,1,-153,1811,Expert
9,Codeforces Round 580 (Div. 2),Aug/18/2019 16:45,470,3,22,1833,Expert
10,Codeforces Round 581 (Div. 2),Aug/20/2019 17:35,108,5,127,1960,Candidate Master
11,Educational Codeforces Round 71 (Rated for Div. 2),Aug/22/2019 17:35,248,5,38,1998,Candidate Master
12,"Manthan, Codefest 19 (open for everyone, rated, Div. 1 + Div. 2)",Aug/25/2019 17:35,840,4,-8,1990,Candidate Master
13,"Codeforces Round 583 (Div. 1 + Div. 2, based on Olympiad of Metropolises)",Sep/04/2019 12:05,701,4,-20,1970,Candidate Master
14,Codeforces Round 585 (Div. 2),Sep/15/2019 13:35,1154,3,-69,1901,Candidate Master
15,Codeforces Round 592 (Div. 2),Oct/13/2019 12:05,3998,2,-142,1759,Expert
16,Codeforces Global Round 5,Oct/16/2019 17:35,418,5,128,1887,Expert
17,Codeforces Round 593 (Div. 2),Oct/17/2019 16:35,142,4,85,1972,Candidate Master
18,Codeforces Round 594 (Div. 1),Oct/20/2019 12:05,416,1,-28,1944,Candidate Master
19,"Codeforces Round 602 (Div. 1, based on Technocup 2020 Elimination Round 3)",Nov/24/2019 11:05,324,4,14,1958,Candidate Master
20,Codeforces Global Round 6,Dec/17/2019 18:05,245,5,108,2066,Candidate Master
21,Good Bye 2019,Dec/29/2019 17:05,761,4,4,2070,Candidate Master
22,Hello 2020,Jan/04/2020 15:05,415,4,58,2128,Master
23,Codeforces Round 614 (Div. 1),Jan/19/2020 16:35,252,3,43,2171,Master
24,Codeforces Round 616 (Div. 1),Feb/02/2020 17:05,238,3,36,2207,Master
25,Codeforces Round 618 (Div. 1),Feb/09/2020 17:05,796,2,-83,2124,Master
26,"Ozon Tech Challenge 2020 (Div.1 + Div.2, Rated, T-shirts + prizes!)",Mar/03/2020 17:35,446,5,34,2158,Master
27,Codeforces Global Round 7,Mar/19/2020 17:35,359,5,55,2213,Master
28,"Codeforces Round 631 (Div. 1) - Thanks, Denis aramis Shitov!",Apr/03/2020 17:35,324,2,38,2251,Master
29,Codeforces Round 633 (Div. 1),Apr/12/2020 17:05,162,3,75,2326,International Master
30,Codeforces Round 635 (Div. 1),Apr/15/2020 17:35,215,3,40,2366,International Master
31,Codeforces Round 641 (Div. 1),May/12/2020 15:35,229,3,21,2387,International Master
32,"Codeforces Round 647 (Div. 1) - Thanks, Algo Muse!",Jun/04/2020 17:35,842,1,-108,2279,Master
33,Codeforces Global Round 8,Jun/18/2020 17:45,573,4,-6,2273,Master
34,Codeforces Round 659 (Div. 1),Jul/24/2020 17:35,1055,1,-102,2171,Master
35,Codeforces Round 664 (Div. 1),Aug/12/2020 17:35,308,2,44,2215,Master
36,Codeforces Round 666 (Div. 1),Aug/30/2020 17:35,371,3,22,2237,Master
37,Codeforces Round 668 (Div. 1),Sep/06/2020 17:35,502,2,-23,2214,Master
38,Codeforces Round 691 (Div. 1),Dec/19/2020 12:35,363,2,-15,2199,Master
39,Good Bye 2020,Dec/30/2020 17:35,1169,5,-38,2161,Master
40,Codeforces Round 758 (Div.1 + Div. 2),Dec/11/2021 13:05,348,3,20,2181,Master
41,Good Bye 2021: 2022 is NEAR,Dec/29/2021 18:35,377,5,51,2232,Master
42,Hello 2022,Jan/03/2022 17:35,148,5,110,2342,International Master
43,Codeforces Round 768 (Div. 1),Jan/27/2022 17:35,173,4,42,2384,International Master
44,Codeforces Global Round 19,Feb/12/2022 17:35,300,5,8,2392,International Master
45,Codeforces Round 773 (Div. 1),Feb/23/2022 13:10,265,3,-8,2384,International Master
46,"Codeforces Round 775 (Div. 1, based on Moscow Open Olympiad in Informatics)",Mar/06/2022 12:55,100,3,70,2454,Grandmaster
47,"Codeforces Round 778 (Div. 1 + Div. 2, based on Technocup 2022 Final Round)",Mar/20/2022 14:35,86,6,76,2530,Grandmaster
48,"CodeTON Round 1 (Div. 1 + Div. 2, Rated, Prizes!)",Mar/24/2022 17:35,89,6,66,2596,Grandmaster
49,Codeforces Round 789 (Div. 1),May/08/2022 17:35,28,5,116,2712,International Grandmaster
50,Codeforces Round 800 (Div. 1),Jun/16/2022 17:35,125,3,-24,2688,International Grandmaster
51,Codeforces Global Round 21,Jun/25/2022 17:35,88,6,29,2717,International Grandmaster
52,Codeforces Round 808 (Div. 1),Jul/16/2022 17:35,53,3,33,2750,International Grandmaster
53,Codeforces Global Round 22,Sep/30/2022 17:35,52,6,38,2788,International Grandmaster
54,Dytechlab Cup 2022,Oct/07/2022 17:35,37,5,50,2838,International Grandmaster
55,Codeforces Global Round 23,Oct/15/2022 17:35,95,5,-13,2825,International Grandmaster
56,Codeforces Round 829 (Div. 1),Oct/23/2022 10:50,182,5,-81,2744,International Grandmaster
57,"CodeTON Round 3 (Div. 1 + Div. 2, Rated, Prizes!)",Nov/06/2022 17:35,65,6,14,2758,International Grandmaster
58,"Polynomial Round 2022 (Div. 1 + Div. 2, Rated, Prizes!)",Dec/17/2022 17:35,16,7,108,2866,International Grandmaster
59,Good Bye 2022: 2023 is NEAR,Dec/30/2022 17:35,470,4,-125,2741,International Grandmaster
60,Hello 2023,Jan/03/2023 17:35,342,5,-84,2657,International Grandmaster
61,"Codeforces Round 844 (Div. 1 + Div. 2, based on VK Cup 2022 - Elimination Round)",Jan/15/2023 15:05,120,5,-4,2653,International Grandmaster
