#,Contest,Start time,Rank,Solved,Rating change,New rating,Title
1,Codeforces Round 355 (Div. 2),Jun/01/2016 19:35,2595,1,-78,1422,Specialist
2,Codeforces Round 379 (Div. 2),Nov/15/2016 19:35,2474,2,-43,1379,Pupil
3,"Codeforces Round 380 (Div. 2, Rated, Based on Technocup 2017 - Elimination Round 2)",Nov/20/2016 12:05,1634,1,-48,1331,Pupil
4,"Codeforces Round 423 (Div. 2, rated, based on VK Cup Finals)",Jul/11/2017 19:45,394,2,150,1481,Specialist
5,Codeforces Round 429 (Div. 2),Aug/18/2017 18:05,1186,3,27,1508,Specialist
6,Codeforces Round 430 (Div. 2),Aug/29/2017 18:05,748,2,60,1568,Specialist
7,Codeforces Round 431 (Div. 2),Sep/01/2017 16:35,1046,2,4,1572,Specialist
8,"Codeforces Round 432 (Div. 2, based on IndiaHacks Final Round 2017)",Sep/04/2017 17:35,2250,1,-63,1509,Specialist
9,Codeforces Round 446 (Div. 2),Nov/17/2017 17:35,810,3,38,1547,Specialist
10,Educational Codeforces Round 33 (Rated for Div. 2),Nov/23/2017 18:05,1561,3,-44,1503,Specialist
11,Codeforces Round 453 (Div. 2),Dec/19/2017 18:35,1375,2,2,1505,Specialist
12,Технокубок 2018 - Отборочный Раунд 4,Dec/23/2017 17:05,105,3,86,1591,Specialist
13,Educational Codeforces Round 35 (Rated for Div. 2),Dec/28/2017 17:05,628,3,28,1619,Expert
14,Good Bye 2017,Dec/29/2017 18:40,1784,3,19,1638,Expert
15,Codeforces Round 456 (Div. 2),Jan/05/2018 17:35,267,2,79,1717,Expert
16,"ICM Technex 2018 and Codeforces Round 463 (Div. 1 + Div. 2, combined)",Feb/15/2018 17:35,652,3,51,1768,Expert
17,Educational Codeforces Round 38 (Rated for Div. 2),Feb/16/2018 18:05,1017,2,-49,1719,Expert
18,Codeforces Round 465 (Div. 2),Feb/19/2018 19:35,1168,2,-41,1678,Expert
19,Codeforces Round 466 (Div. 2),Feb/24/2018 12:35,35,5,169,1847,Expert
20,Codeforces Round 467 (Div. 2),Feb/25/2018 19:05,172,3,27,1874,Expert
21,"Codeforces Round 468 (Div. 2, based on Technocup 2018 Final Round)",Mar/04/2018 18:35,94,5,50,1924,Candidate Master
22,"Codeforces Round 483 (Div. 1) [Thanks, Botan Investments and Victor Shaburov!]",May/15/2018 17:45,492,0,-85,1839,Expert
23,Codeforces Round 488 by NEAR (Div. 2),Jun/16/2018 19:35,186,3,29,1868,Expert
24,"Codeforces Round 507 (Div. 2, based on Olympiad of Metropolises)",Sep/05/2018 19:35,1524,2,-91,1777,Expert
25,Codeforces Round 508 (Div. 2),Sep/06/2018 18:35,233,4,83,1860,Expert
26,Codeforces Round 509 (Div. 2),Sep/16/2018 13:35,321,5,32,1892,Expert
27,Codeforces Round 511 (Div. 2),Sep/21/2018 17:35,896,2,-57,1835,Expert
28,Technocup 2019 - Elimination Round 1,Sep/23/2018 16:05,9,5,167,2002,Candidate Master
29,Educational Codeforces Round 52 (Rated for Div. 2),Oct/11/2018 17:50,317,3,-9,1993,Candidate Master
30,Codeforces Round 520 (Div. 2),Nov/14/2018 18:35,2274,1,-118,1875,Expert
31,CodeCraft-19 and Codeforces Round 537 (Div. 2),Feb/03/2019 18:35,345,3,33,1908,Candidate Master
32,Codeforces Global Round 1,Feb/07/2019 16:35,636,4,47,1955,Candidate Master
33,Technocup 2019 - Final,Mar/03/2019 11:30,190,3,-40,1915,Candidate Master
34,Codeforces Round 562 (Div. 1),May/26/2019 18:35,372,1,-27,1888,Expert
35,Codeforces Global Round 3,Jun/01/2019 17:35,1022,3,-14,1874,Expert
36,Educational Codeforces Round 66 (Rated for Div. 2),Jun/05/2019 17:35,106,4,99,1973,Candidate Master
37,Codeforces Round 564 (Div. 1),Jun/07/2019 15:05,336,2,11,1984,Candidate Master
38,Educational Codeforces Round 67 (Rated for Div. 2),Jun/30/2019 17:45,84,4,72,2056,Candidate Master
39,Codeforces Round 572 (Div. 1),Jul/05/2019 18:05,331,1,-19,2037,Candidate Master
40,Codeforces Round 573 (Div. 1),Jul/12/2019 17:35,526,2,-49,1988,Candidate Master
41,Educational Codeforces Round 68 (Rated for Div. 2),Jul/14/2019 17:45,243,4,21,2009,Candidate Master
42,Educational Codeforces Round 69 (Rated for Div. 2),Jul/22/2019 17:35,220,4,24,2033,Candidate Master
43,Educational Codeforces Round 70 (Rated for Div. 2),Aug/07/2019 17:35,792,2,-63,1970,Candidate Master
44,Codeforces Round 578 (Div. 2),Aug/11/2019 15:35,956,3,-41,1929,Candidate Master
45,"Codeforces Round 602 (Div. 1, based on Technocup 2020 Elimination Round 3)",Nov/24/2019 11:05,377,3,-10,1919,Candidate Master
46,Codeforces Round 604 (Div. 1),Dec/05/2019 17:35,486,2,7,1926,Candidate Master
47,Codeforces Round 621 (Div. 1 + Div. 2),Feb/17/2020 18:35,549,4,57,1983,Candidate Master
48,"Codeforces Round 631 (Div. 1) - Thanks, Denis aramis Shitov!",Apr/03/2020 17:35,773,2,8,1991,Candidate Master
49,"Codeforces Round 647 (Div. 1) - Thanks, Algo Muse!",Jun/04/2020 17:35,321,2,92,2083,Candidate Master
50,Codeforces Round 648 (Div. 2),Jun/07/2020 17:35,10,6,190,2273,Master
51,Codeforces Round 659 (Div. 1),Jul/24/2020 17:35,253,2,33,2306,International Master
52,Codeforces Round 664 (Div. 1),Aug/12/2020 17:35,416,1,-19,2287,Master
53,Technocup 2021 - Elimination Round 3,Dec/20/2020 18:05,4,4,33,2320,International Master
54,Codeforces Round 752 (Div. 1),Oct/30/2021 17:35,604,2,-62,2258,Master
55,Codeforces Round 854 by cybercats (Div. 1 + Div. 2),Feb/27/2023 17:35,391,5,-2,2256,Master
