#,Contest,Start time,Rank,Solved,Rating change,New rating,Title
1,Educational Codeforces Round 111 (Rated for Div. 2),Jul/14/2021 17:35,989,3,629,629,Newbie
2,"Harbour.Space Scholarship Contest 2021-2022 (open for everyone, rated, Div. 1 + Div. 2)",Jul/22/2021 17:35,4839,2,302,931,Newbie
3,Codeforces Round 735 (Div. 2),Jul/29/2021 17:35,2488,2,271,1202,Pupil
4,Codeforces Round 736 (Div. 2),Aug/01/2021 17:35,775,4,240,1442,Specialist
5,Codeforces Round 737 (Div. 2),Aug/09/2021 17:35,813,3,182,1624,Expert
6,"Codeforces Round 740 (Div. 2, based on VK Cup 2021 - Final (Engine))",Aug/24/2021 17:35,4522,2,-43,1581,Specialist
7,Codeforces Round 741 (Div. 2),Aug/26/2021 17:35,1762,3,16,1597,Specialist
8,"Deltix Round, Summer 2021 (open for everyone, rated, Div. 1 + Div. 2)",Aug/29/2021 17:35,1757,3,47,1644,Expert
9,Codeforces Round 742 (Div. 2),Sep/05/2021 17:35,705,4,69,1713,Expert
10,Educational Codeforces Round 113 (Rated for Div. 2),Sep/08/2021 17:35,681,4,49,1762,Expert
11,Codeforces Global Round 16,Sep/12/2021 17:35,2059,5,-15,1747,Expert
12,Codeforces Round 745 (Div. 2),Sep/30/2021 13:15,4188,1,-132,1615,Expert
13,Educational Codeforces Round 115 (Rated for Div. 2),Oct/10/2021 12:05,478,4,80,1695,Expert
14,"Codeforces Round 749 (Div. 1 + Div. 2, based on Technocup 2022 Elimination Round 1)",Oct/17/2021 14:05,661,4,106,1801,Expert
15,Codeforces Round 750 (Div. 2),Oct/24/2021 13:05,530,5,27,1828,Expert
16,Codeforces Round 751 (Div. 2),Oct/25/2021 09:35,905,3,-50,1778,Expert
17,Codeforces Round 761 (Div. 2),Dec/16/2021 16:35,319,4,66,1844,Expert
18,Educational Codeforces Round 119 (Rated for Div. 2),Dec/18/2021 18:35,666,3,0,1844,Expert
19,Codeforces Global Round 18,Dec/24/2021 17:35,1047,3,28,1872,Expert
20,Educational Codeforces Round 120 (Rated for Div. 2),Dec/27/2021 17:35,323,4,49,1921,Candidate Master
21,Hello 2022,Jan/03/2022 17:35,1689,3,-24,1897,Expert
22,Codeforces Round 765 (Div. 2),Jan/12/2022 15:05,1670,2,-67,1830,Expert
23,Codeforces Round 766 (Div. 2),Jan/15/2022 17:35,346,4,56,1886,Expert
24,Codeforces Round 767 (Div. 2),Jan/22/2022 17:35,820,4,-18,1868,Expert
25,Codeforces Round 768 (Div. 2),Jan/27/2022 17:35,711,3,-2,1866,Expert
26,Codeforces Round 769 (Div. 2),Jan/30/2022 17:35,3580,2,-93,1773,Expert
27,Educational Codeforces Round 122 (Rated for Div. 2),Jan/31/2022 17:35,2966,3,-72,1701,Expert
28,Codeforces Round 770 (Div. 2),Feb/06/2022 17:35,938,3,39,1740,Expert
29,Codeforces Global Round 19,Feb/12/2022 17:35,2382,3,-19,1721,Expert
30,Codeforces Round 772 (Div. 2),Feb/20/2022 17:35,181,4,118,1839,Expert
31,Educational Codeforces Round 123 (Rated for Div. 2),Feb/22/2022 17:35,728,4,3,1842,Expert
32,Educational Codeforces Round 124 (Rated for Div. 2),Mar/10/2022 17:35,1149,3,-31,1811,Expert
33,Codeforces Round 777 (Div. 2),Mar/11/2022 17:35,486,4,37,1848,Expert
34,"Codeforces Round 778 (Div. 1 + Div. 2, based on Technocup 2022 Final Round)",Mar/20/2022 14:35,884,3,35,1883,Expert
35,Educational Codeforces Round 125 (Rated for Div. 2),Mar/22/2022 17:45,712,3,-6,1877,Expert
36,"CodeTON Round 1 (Div. 1 + Div. 2, Rated, Prizes!)",Mar/24/2022 17:35,415,5,118,1995,Candidate Master
37,Educational Codeforces Round 126 (Rated for Div. 2),Apr/09/2022 17:35,1258,3,-74,1921,Candidate Master
38,Codeforces Round 783 (Div. 1),Apr/19/2022 17:35,708,1,-37,1884,Expert
39,Codeforces Round 785 (Div. 2),Apr/30/2022 17:35,548,4,5,1889,Expert
40,Codeforces Round 792 (Div. 1 + Div. 2),May/19/2022 17:35,813,4,35,1924,Candidate Master
41,Codeforces Round 793 (Div. 2),May/22/2022 17:35,3721,2,-126,1798,Expert
42,Educational Codeforces Round 129 (Rated for Div. 2),May/23/2022 17:35,105,4,129,1927,Candidate Master
43,Codeforces Round 794 (Div. 1),May/25/2022 20:35,449,1,-33,1894,Expert
44,Codeforces Round 798 (Div. 2),Jun/10/2022 19:35,148,4,59,1953,Candidate Master
45,Educational Codeforces Round 130 (Rated for Div. 2),Jun/12/2022 17:35,355,4,12,1965,Candidate Master
46,Codeforces Round 800 (Div. 1),Jun/16/2022 17:35,533,2,2,1967,Candidate Master
47,Codeforces Round 801 (Div. 2) and EPIC Institute of Technology Round,Jun/18/2022 17:35,563,3,-13,1954,Candidate Master
48,Codeforces Round 802 (Div. 2),Jun/19/2022 12:05,1147,3,-61,1893,Expert
49,Codeforces Global Round 21,Jun/25/2022 17:35,276,5,151,2044,Candidate Master
50,Codeforces Round 804 (Div. 2),Jul/04/2022 17:35,393,3,-6,2038,Candidate Master
51,Educational Codeforces Round 131 (Rated for Div. 2),Jul/08/2022 17:35,1071,3,-64,1974,Candidate Master
52,Codeforces Round 807 (Div. 2),Jul/15/2022 16:35,1325,3,-64,1910,Candidate Master
53,Codeforces Round 808 (Div. 1),Jul/16/2022 17:35,700,1,-23,1887,Expert
54,Codeforces Round 809 (Div. 2),Jul/18/2022 17:35,3620,3,-108,1779,Expert
55,Educational Codeforces Round 132 (Rated for Div. 2),Jul/21/2022 17:35,1336,3,-13,1766,Expert
56,Codeforces Round 810 (Div. 2),Jul/24/2022 17:35,105,3,117,1883,Expert
57,Codeforces Round 812 (Div. 2),Aug/06/2022 17:35,52,4,153,2036,Candidate Master
58,Codeforces Round 813 (Div. 2),Aug/13/2022 17:35,2055,3,-93,1943,Candidate Master
59,Codeforces Round 814 (Div. 1),Aug/16/2022 17:35,732,2,-45,1898,Expert
60,Codeforces Round 815 (Div. 2),Aug/18/2022 16:35,1210,3,-41,1857,Expert
61,Educational Codeforces Round 134 (Rated for Div. 2),Aug/27/2022 17:35,62,5,138,1995,Candidate Master
62,Codeforces Round 818 (Div. 2),Sep/02/2022 17:35,45,5,113,2108,Master
63,Dytechlab Cup 2022,Oct/07/2022 17:35,284,4,73,2181,Master
64,Codeforces Global Round 23,Oct/15/2022 17:35,375,4,49,2230,Master
65,"Polynomial Round 2022 (Div. 1 + Div. 2, Rated, Prizes!)",Dec/17/2022 17:35,380,5,16,2246,Master
