#,Contest,Start time,Rank,Solved,Rating change,New rating,Title
1,Codeforces Round 366 (Div. 2),Aug/07/2016 17:05,548,3,80,1580,Specialist
2,Codeforces Round 367 (Div. 2),Aug/11/2016 19:35,411,3,70,1650,Expert
3,Codeforces Round 368 (Div. 2),Aug/20/2016 16:05,234,3,96,1746,Expert
4,Codeforces Round 371 (Div. 2),Sep/13/2016 19:35,1,5,318,2064,Candidate Master
5,Codeforces Round 372 (Div. 1),Sep/17/2016 16:45,292,1,-16,2048,Candidate Master
6,Good Bye 2016,Dec/30/2016 17:15,293,4,63,2111,Master
7,Codeforces Round 393 (Div. 1) (8VC Venture Cup 2017 - Final Round Div. 1 Edition),Jan/22/2017 21:15,17,4,154,2265,Master
8,"Divide by Zero 2017 and Codeforces Round 399 (Div. 1 + Div. 2, combined)",Feb/20/2017 19:05,217,5,0,2265,Master
9,"ICM Technex 2017 and Codeforces Round 400 (Div. 1 + Div. 2, combined)",Feb/23/2017 17:45,315,4,-24,2241,Master
10,"Codeforces Round 403 (Div. 1, based on Technocup 2017 Finals)",Mar/05/2017 16:05,308,2,-68,2173,Master
11,"Codeforces Round 405 (rated, Div. 1, based on VK Cup 2017 Round 1)",Mar/18/2017 18:35,279,1,-60,2113,Master
12,"Codeforces Round 409 (rated, Div. 1, based on VK Cup 2017 Round 2)",Apr/16/2017 18:35,174,2,-28,2085,Candidate Master
13,Codeforces Round 446 (Div. 1),Nov/17/2017 17:35,354,1,-64,2021,Candidate Master
14,Codeforces Round 449 (Div. 1),Dec/02/2017 17:05,120,2,34,2055,Candidate Master
15,"Codeforces Round 454 (Div. 1, based on Technocup 2018 Elimination Round 4)",Dec/23/2017 17:05,28,3,195,2250,Master
16,Good Bye 2017,Dec/29/2017 18:40,149,5,47,2297,Master
17,Hello 2018,Jan/08/2018 17:45,150,4,34,2331,International Master
18,"Codecraft-18 and Codeforces Round 458 (Div. 1 + Div. 2, combined)",Jan/20/2018 18:35,31,5,115,2446,Grandmaster
19,Codeforces Round 459 (Div. 1),Jan/29/2018 17:35,36,3,37,2483,Grandmaster
20,Codeforces Round 462 (Div. 1),Feb/14/2018 15:05,32,2,57,2540,Grandmaster
21,"Codeforces Round 470 (rated, Div. 1, based on VK Cup 2018 Round 1)",Mar/10/2018 18:35,35,4,47,2587,Grandmaster
22,"Divide by Zero 2018 and Codeforces Round 474 (Div. 1 + Div. 2, combined)",Apr/07/2018 19:05,91,5,-37,2550,Grandmaster
23,"Codeforces Round 483 (Div. 1) [Thanks, Botan Investments and Victor Shaburov!]",May/15/2018 17:45,57,3,4,2554,Grandmaster
24,Codeforces Round 519 by Botan Investments,Oct/28/2018 18:35,165,5,-38,2516,Grandmaster
25,Codeforces Round 576 (Div. 1),Jul/30/2019 17:35,224,3,-70,2446,Grandmaster
26,Codeforces Round 633 (Div. 1),Apr/12/2020 17:05,170,3,18,2464,Grandmaster
27,Codeforces Round 635 (Div. 1),Apr/15/2020 17:35,281,3,-17,2447,Grandmaster
28,"Codeforces Round 647 (Div. 1) - Thanks, Algo Muse!",Jun/04/2020 17:35,743,2,-107,2340,International Master
29,Codeforces Global Round 8,Jun/18/2020 17:45,397,4,4,2344,International Master
30,Codeforces Round 666 (Div. 1),Aug/30/2020 17:35,70,3,114,2458,Grandmaster
31,Codeforces Round 673 (Div. 1),Sep/27/2020 18:05,39,4,105,2563,Grandmaster
32,Grakn Forces 2020,Sep/30/2020 17:35,165,6,1,2564,Grandmaster
33,Codeforces Global Round 11,Oct/10/2020 17:50,256,4,-21,2543,Grandmaster
34,Codeforces Raif Round 1 (Div. 1 + Div. 2),Oct/17/2020 16:05,97,6,44,2587,Grandmaster
35,"Codeforces Round 680 (Div. 1, based on Moscow Team Olympiad)",Nov/01/2020 14:05,336,2,-79,2508,Grandmaster
36,"Codeforces Round 681 (Div. 1, based on VK Cup 2019-2020 - Final)",Nov/02/2020 17:35,63,3,58,2566,Grandmaster
37,"Codeforces Round 683 (Div. 1, by Meet IT)",Nov/15/2020 17:35,22,5,131,2697,International Grandmaster
38,Codeforces Round 684 (Div. 1),Nov/17/2020 17:35,143,3,-38,2659,International Grandmaster
39,Codeforces Global Round 12,Dec/06/2020 17:35,139,6,-8,2651,International Grandmaster
40,"Codeforces Round 692 (Div. 1, based on Technocup 2021 Elimination Round 3)",Dec/20/2020 18:05,249,2,-80,2571,Grandmaster
41,Good Bye 2020,Dec/30/2020 17:35,336,6,-32,2539,Grandmaster
42,Codeforces Round 694 (Div. 1),Jan/05/2021 17:35,38,4,97,2636,International Grandmaster
43,Codeforces Round 698 (Div. 1),Jan/28/2021 17:35,146,3,-28,2608,International Grandmaster
44,Codeforces Round 700 (Div. 1),Feb/07/2021 17:35,232,3,-38,2570,Grandmaster
45,Codeforces Global Round 13,Feb/28/2021 16:35,426,4,-53,2517,Grandmaster
46,Codeforces Round 706 (Div. 1),Mar/10/2021 15:05,33,4,125,2642,International Grandmaster
47,"Codeforces Round 707 (Div. 1, based on Moscow Open Olympiad in Informatics)",Mar/13/2021 12:05,336,1,-106,2536,Grandmaster
48,"Codeforces Round 709 (Div. 1, based on Technocup 2021 Final Round)",Mar/21/2021 16:20,23,4,134,2670,International Grandmaster
49,Codeforces Round 712 (Div. 1),Apr/03/2021 17:35,154,3,-31,2639,International Grandmaster
50,Codeforces Round 715 (Div. 1),Apr/16/2021 17:35,207,2,-56,2583,Grandmaster
51,Contest 2050 and Codeforces Round 718 (Div. 1 + Div. 2),Apr/23/2021 17:35,170,5,2,2585,Grandmaster
52,Codeforces Global Round 14,May/02/2021 17:35,36,7,110,2695,International Grandmaster
53,Codeforces Round 722 (Div. 1),May/24/2021 17:35,93,4,4,2699,International Grandmaster
54,"Deltix Round, Spring 2021 (open for everyone, rated, Div. 1 + Div. 2)",May/30/2021 17:35,153,4,-18,2681,International Grandmaster
55,Codeforces LATOKEN Round 1 (Div. 1 + Div. 2),Jun/13/2021 18:35,156,6,-27,2654,International Grandmaster
56,Codeforces Round 732 (Div. 1),Jul/11/2021 17:05,395,2,-102,2552,Grandmaster
57,"Codeforces Round 733 (Div. 1 + Div. 2, based on VK Cup 2021 - Elimination (Engine))",Jul/17/2021 17:35,131,5,12,2564,Grandmaster
58,"Harbour.Space Scholarship Contest 2021-2022 (open for everyone, rated, Div. 1 + Div. 2)",Jul/22/2021 17:35,73,7,49,2613,International Grandmaster
59,Codeforces Global Round 15,Jul/25/2021 17:35,130,6,16,2629,International Grandmaster
60,Codeforces Round 736 (Div. 1),Aug/01/2021 17:35,628,2,-126,2503,Grandmaster
61,"Deltix Round, Summer 2021 (open for everyone, rated, Div. 1 + Div. 2)",Aug/29/2021 17:35,82,6,78,2581,Grandmaster
62,Codeforces Global Round 16,Sep/12/2021 17:35,45,7,97,2678,International Grandmaster
63,Codeforces Global Round 17,Nov/23/2021 17:35,69,6,36,2714,International Grandmaster
64,"Deltix Round, Autumn 2021 (open for everyone, rated, Div. 1 + Div. 2)",Nov/28/2021 17:35,32,6,86,2800,International Grandmaster
65,Codeforces Global Round 18,Dec/24/2021 17:35,155,5,-49,2751,International Grandmaster
66,Good Bye 2021: 2022 is NEAR,Dec/29/2021 18:35,94,5,14,2765,International Grandmaster
67,Hello 2022,Jan/03/2022 17:35,1231,3,-192,2573,Grandmaster
68,Codeforces Round 768 (Div. 1),Jan/27/2022 17:35,99,4,27,2600,International Grandmaster
69,Codeforces Global Round 19,Feb/12/2022 17:35,116,6,25,2625,International Grandmaster
70,Codeforces Round 773 (Div. 1),Feb/23/2022 13:10,264,3,-64,2561,Grandmaster
71,"Codeforces Round 778 (Div. 1 + Div. 2, based on Technocup 2022 Final Round)",Mar/20/2022 14:35,71,6,61,2622,International Grandmaster
72,"CodeTON Round 1 (Div. 1 + Div. 2, Rated, Prizes!)",Mar/24/2022 17:35,129,6,15,2637,International Grandmaster
73,Codeforces Round 783 (Div. 1),Apr/19/2022 17:35,52,4,64,2701,International Grandmaster
74,Codeforces Global Round 20,Apr/23/2022 17:05,503,5,-110,2591,Grandmaster
75,Codeforces Round 789 (Div. 1),May/08/2022 17:35,295,3,-73,2518,Grandmaster
76,Codeforces Round 792 (Div. 1 + Div. 2),May/19/2022 17:35,155,5,14,2532,Grandmaster
77,Codeforces Round 794 (Div. 1),May/25/2022 20:35,112,3,-5,2527,Grandmaster
78,Codeforces Round 800 (Div. 1),Jun/16/2022 17:35,169,3,-6,2521,Grandmaster
79,Codeforces Global Round 21,Jun/25/2022 17:35,265,5,-13,2508,Grandmaster
80,"CodeTON Round 2 (Div. 1 + Div. 2, Rated, Prizes!)",Jul/31/2022 17:05,381,5,-41,2467,Grandmaster
81,Codeforces Round 814 (Div. 1),Aug/16/2022 17:35,154,4,13,2480,Grandmaster
82,Codeforces Global Round 22,Sep/30/2022 17:35,74,6,82,2562,Grandmaster
83,Codeforces Global Round 23,Oct/15/2022 17:35,354,4,-42,2520,Grandmaster
84,Codeforces Round 831 (Div. 1 + Div. 2),Oct/29/2022 12:10,149,5,-13,2507,Grandmaster
85,Pinely Round 1 (Div. 1 + Div. 2),Nov/20/2022 17:35,88,5,51,2558,Grandmaster
86,Codeforces Global Round 24,Nov/26/2022 17:05,126,6,13,2571,Grandmaster
87,"Polynomial Round 2022 (Div. 1 + Div. 2, Rated, Prizes!)",Dec/17/2022 17:35,229,6,-30,2541,Grandmaster
88,Good Bye 2022: 2023 is NEAR,Dec/30/2022 17:35,120,5,55,2596,Grandmaster
89,Hello 2023,Jan/03/2023 17:35,169,6,5,2601,International Grandmaster
90,"Codeforces Round 844 (Div. 1 + Div. 2, based on VK Cup 2022 - Elimination Round)",Jan/15/2023 15:05,150,5,-6,2595,Grandmaster
91,"TypeDB Forces 2023 (Div. 1 + Div. 2, Rated, Prizes!)",Jan/29/2023 17:35,458,5,-79,2516,Grandmaster
