#,Contest,Start time,Rank,Solved,Rating change,New rating,Title
1,Codeforces Round 500 (Div. 2) [based on EJOI],Jul/30/2018 11:15,2407,1,-78,1422,Specialist
2,Codeforces Round 501 (Div. 3),Jul/31/2018 17:35,3817,1,-101,1321,Pupil
3,Codeforces Round 618 (Div. 2),Feb/09/2020 17:05,3373,2,29,1350,Pupil
4,Educational Codeforces Round 82 (Rated for Div. 2),Feb/12/2020 17:35,4897,2,-8,1342,Pupil
5,Codeforces Round 619 (Div. 2),Feb/13/2020 17:35,4727,1,-20,1322,Pupil
6,Codeforces Round 620 (Div. 2),Feb/15/2020 16:05,6310,1,-57,1265,Pupil
7,Codeforces Round 621 (Div. 1 + Div. 2),Feb/17/2020 18:35,5826,1,-55,1210,Pupil
8,Codeforces Round 622 (Div. 2),Feb/23/2020 12:05,1657,2,132,1342,Pupil
9,"Codeforces Round 623 (Div. 2, based on VK Cup 2019-2020 - Elimination Round, Engine)",Feb/23/2020 19:05,2844,1,-65,1277,Pupil
10,"Ozon Tech Challenge 2020 (Div.1 + Div.2, Rated, T-shirts + prizes!)",Mar/03/2020 17:35,5744,1,-46,1231,Pupil
11,Educational Codeforces Round 83 (Rated for Div. 2),Mar/09/2020 17:35,6418,2,-46,1185,Newbie
12,Codeforces Global Round 7,Mar/19/2020 17:35,5628,3,54,1239,Pupil
13,Educational Codeforces Round 84 (Rated for Div. 2),Mar/23/2020 17:35,3925,2,92,1331,Pupil
14,Codeforces Round 629 (Div. 3),Mar/26/2020 17:35,2949,3,55,1386,Pupil
15,Codeforces Round 630 (Div. 2),Mar/31/2020 16:35,4853,2,26,1412,Specialist
16,"Codeforces Round 631 (Div. 2) - Thanks, Denis aramis Shitov!",Apr/03/2020 17:35,2449,2,64,1476,Specialist
17,Codeforces Round 632 (Div. 2),Apr/08/2020 17:35,5441,2,-12,1464,Specialist
18,Codeforces Round 633 (Div. 2),Apr/12/2020 17:05,3410,3,16,1480,Specialist
19,Codeforces Round 634 (Div. 3),Apr/13/2020 17:35,1967,4,36,1516,Specialist
20,Codeforces Round 635 (Div. 2),Apr/15/2020 17:35,4282,2,-4,1512,Specialist
21,Codeforces Round 636 (Div. 3),Apr/21/2020 17:35,8440,3,-72,1440,Specialist
22,"Codeforces Round 637 (Div. 2) - Thanks, Ivan Belonogov!",Apr/23/2020 17:45,981,4,136,1576,Specialist
23,Educational Codeforces Round 86 (Rated for Div. 2),Apr/26/2020 17:35,2814,3,31,1607,Expert
24,Codeforces Round 638 (Div. 2),May/01/2020 17:35,4315,2,-14,1593,Specialist
25,Codeforces Round 641 (Div. 2),May/12/2020 15:35,1292,3,54,1647,Expert
26,Codeforces Round 643 (Div. 2),May/16/2020 14:35,1935,4,32,1679,Expert
27,Educational Codeforces Round 87 (Rated for Div. 2),May/17/2020 12:20,4124,3,-54,1625,Expert
28,Codeforces Round 645 (Div. 2),May/26/2020 17:35,3254,3,-5,1620,Expert
29,Educational Codeforces Round 88 (Rated for Div. 2),May/28/2020 17:35,3468,2,-14,1606,Expert
30,Codeforces Round 646 (Div. 2),May/31/2020 17:35,2464,3,30,1636,Expert
31,"Codeforces Round 647 (Div. 2) - Thanks, Algo Muse!",Jun/04/2020 17:35,1071,4,53,1689,Expert
32,Codeforces Round 648 (Div. 2),Jun/07/2020 17:35,2286,4,7,1696,Expert
33,Educational Codeforces Round 89 (Rated for Div. 2),Jun/11/2020 17:35,2623,3,-16,1680,Expert
34,Codeforces Round 649 (Div. 2),Jun/13/2020 18:05,1799,3,22,1702,Expert
35,Codeforces Global Round 8,Jun/18/2020 17:45,906,4,114,1816,Expert
36,Codeforces Round 651 (Div. 2),Jun/20/2020 17:35,1400,3,2,1818,Expert
37,Codeforces Round 652 (Div. 2),Jun/23/2020 17:05,1809,3,-21,1797,Expert
38,Codeforces Round 654 (Div. 2),Jul/01/2020 16:35,2776,4,-47,1750,Expert
39,Codeforces Global Round 9,Jul/04/2020 17:45,1431,4,67,1817,Expert
40,Codeforces Round 657 (Div. 2),Jul/19/2020 12:00,985,2,32,1849,Expert
41,Codeforces Round 658 (Div. 2),Jul/21/2020 17:35,805,4,8,1857,Expert
42,Codeforces Round 659 (Div. 2),Jul/24/2020 17:35,864,3,15,1872,Expert
43,Codeforces Round 660 (Div. 2),Jul/30/2020 17:35,1839,3,-33,1839,Expert
44,Codeforces Round 662 (Div. 2),Aug/07/2020 17:35,290,4,90,1929,Candidate Master
45,Codeforces Round 663 (Div. 2),Aug/09/2020 17:35,783,4,1,1930,Candidate Master
46,Codeforces Round 664 (Div. 1),Aug/12/2020 17:35,783,1,3,1933,Candidate Master
47,Codeforces Global Round 10,Aug/16/2020 17:35,1855,4,-36,1897,Expert
48,Codeforces Round 665 (Div. 2),Aug/21/2020 17:35,626,4,24,1921,Candidate Master
49,Codeforces Round 666 (Div. 1),Aug/30/2020 17:35,714,2,34,1955,Candidate Master
50,Codeforces Round 668 (Div. 1),Sep/06/2020 17:35,678,2,16,1971,Candidate Master
51,Codeforces Round 669 (Div. 2),Sep/08/2020 17:35,1007,3,-19,1952,Candidate Master
52,Codeforces Round 670 (Div. 2),Sep/12/2020 16:45,1160,3,-29,1923,Candidate Master
53,Codeforces Round 671 (Div. 2),Sep/19/2020 17:35,2822,4,-92,1831,Expert
54,Codeforces Round 672 (Div. 2),Sep/24/2020 17:35,151,5,122,1953,Candidate Master
55,Grakn Forces 2020,Sep/30/2020 17:35,1487,3,-22,1931,Candidate Master
56,Codeforces Round 675 (Div. 2),Oct/04/2020 19:05,302,3,35,1966,Candidate Master
57,Codeforces Round 676 (Div. 2),Oct/18/2020 12:05,1305,3,-61,1905,Candidate Master
58,"Codeforces Round 680 (Div. 1, based on Moscow Team Olympiad)",Nov/01/2020 14:05,263,2,134,2039,Candidate Master
59,"Codeforces Round 681 (Div. 1, based on VK Cup 2019-2020 - Final)",Nov/02/2020 17:35,279,3,77,2116,Master
60,"Codeforces Round 687 (Div. 1, based on Technocup 2021 Elimination Round 2)",Nov/29/2020 10:05,444,2,-3,2113,Master
61,Codeforces Global Round 12,Dec/06/2020 17:35,695,4,5,2118,Master
62,Good Bye 2020,Dec/30/2020 17:35,2590,4,-92,2026,Candidate Master
63,Codeforces Round 694 (Div. 1),Jan/05/2021 17:35,255,3,99,2125,Master
64,Codeforces Round 706 (Div. 1),Mar/10/2021 15:05,423,2,33,2158,Master
65,"Codeforces Round 707 (Div. 1, based on Moscow Open Olympiad in Informatics)",Mar/13/2021 12:05,604,1,-82,2076,Candidate Master
66,"Codeforces Round 709 (Div. 1, based on Technocup 2021 Final Round)",Mar/21/2021 16:20,309,3,62,2138,Master
67,Codeforces Round 712 (Div. 1),Apr/03/2021 17:35,394,3,24,2162,Master
68,Codeforces Round 715 (Div. 1),Apr/16/2021 17:35,338,2,21,2183,Master
69,Contest 2050 and Codeforces Round 718 (Div. 1 + Div. 2),Apr/23/2021 17:35,378,4,45,2228,Master
70,Codeforces Global Round 14,May/02/2021 17:35,1460,4,-81,2147,Master
71,Codeforces Round 722 (Div. 1),May/24/2021 17:35,738,2,-62,2085,Candidate Master
72,"Codeforces Round 733 (Div. 1 + Div. 2, based on VK Cup 2021 - Elimination (Engine))",Jul/17/2021 17:35,649,5,11,2096,Candidate Master
73,Codeforces Round 735 (Div. 2),Jul/29/2021 17:35,82,4,69,2165,Master
74,Codeforces Round 745 (Div. 1),Sep/30/2021 13:15,410,1,-44,2121,Master
75,Codeforces Round 767 (Div. 1),Jan/22/2022 17:35,212,4,97,2218,Master
76,Codeforces Round 768 (Div. 1),Jan/27/2022 17:35,526,2,-41,2177,Master
77,Codeforces Global Round 19,Feb/12/2022 17:35,516,5,16,2193,Master
78,Codeforces Round 773 (Div. 1),Feb/23/2022 13:10,227,3,61,2254,Master
79,"Codeforces Round 775 (Div. 1, based on Moscow Open Olympiad in Informatics)",Mar/06/2022 12:55,483,3,-45,2209,Master
80,Codeforces Round 808 (Div. 1),Jul/16/2022 17:35,578,2,-52,2157,Master
81,"CodeTON Round 2 (Div. 1 + Div. 2, Rated, Prizes!)",Jul/31/2022 17:05,816,4,-16,2141,Master
82,Codeforces Round 831 (Div. 1 + Div. 2),Oct/29/2022 12:10,305,5,29,2170,Master
83,"Codeforces Round 844 (Div. 1 + Div. 2, based on VK Cup 2022 - Elimination Round)",Jan/15/2023 15:05,649,4,-16,2154,Master
