#,Contest,Start time,Rank,Solved,Rating change,New rating,Title
1,Codeforces Round 375 (Div. 2),Oct/03/2016 14:35,2952,2,-77,1423,Specialist
2,Codeforces Round 377 (Div. 2),Oct/17/2016 17:35,3953,1,-107,1316,Pupil
3,"Codeforces Round 380 (Div. 2, Rated, Based on Technocup 2017 - Elimination Round 2)",Nov/20/2016 12:05,1487,2,-18,1298,Pupil
4,Codeforces Round 385 (Div. 2),Dec/17/2016 19:35,1797,2,33,1331,Pupil
5,Codeforces Round 386 (Div. 2),Dec/18/2016 13:35,1907,2,-7,1324,Pupil
6,"Codeforces Round 389 (Div. 2, Rated, Based on Technocup 2017 - Elimination Round 3)",Dec/25/2016 12:05,750,2,66,1390,Pupil
7,Good Bye 2016,Dec/30/2016 17:15,1837,3,88,1478,Specialist
8,Codeforces Round 390 (Div. 2),Jan/06/2017 17:35,1913,1,-21,1457,Specialist
9,"Codecraft-17 and Codeforces Round 391 (Div. 1 + Div. 2, combined)",Jan/12/2017 18:35,1155,2,74,1531,Specialist
10,8VC Venture Cup 2017 - Elimination Round,Jan/15/2017 20:05,1832,2,-19,1512,Specialist
11,Codeforces Round 392 (Div. 2),Jan/19/2017 18:05,3319,1,-81,1431,Specialist
12,Codeforces Round 395 (Div. 2),Feb/02/2017 16:35,532,3,97,1528,Specialist
13,Codeforces Round 396 (Div. 2),Feb/07/2017 20:05,1033,2,13,1541,Specialist
14,Codeforces Round 398 (Div. 2),Feb/18/2017 12:05,2246,0,-115,1426,Specialist
15,Codeforces Round 402 (Div. 2),Feb/26/2017 11:05,1707,2,-28,1398,Pupil
16,"Codeforces Round 403 (Div. 2, based on Technocup 2017 Finals)",Mar/05/2017 16:05,657,3,83,1481,Specialist
17,Codeforces Round 411 (Div. 2),May/04/2017 17:50,1936,3,-35,1446,Specialist
18,"Tinkoff Challenge - Final Round (Codeforces Round 414, rated, Div. 1 + Div. 2)",May/13/2017 12:35,806,2,67,1513,Specialist
19,Codeforces Round 415 (Div. 2),May/20/2017 21:05,685,2,18,1531,Specialist
20,Codeforces Round 416 (Div. 2),May/27/2017 12:35,544,2,50,1581,Specialist
21,Codeforces Round 417 (Div. 2),Jun/01/2017 17:15,1275,2,-17,1564,Specialist
22,Codeforces Round 418 (Div. 2),Jun/07/2017 15:15,122,4,138,1702,Expert
23,Codeforces Round 422 (Div. 2),Jul/02/2017 19:05,452,3,12,1714,Expert
24,"Codeforces Round 423 (Div. 2, rated, based on VK Cup Finals)",Jul/11/2017 19:45,1145,2,-40,1674,Expert
25,"Codeforces Round 424 (Div. 2, rated, based on VK Cup Finals)",Jul/13/2017 18:05,739,3,-7,1667,Expert
26,Codeforces Round 425 (Div. 2),Jul/24/2017 17:35,205,2,92,1759,Expert
27,Codeforces Round 429 (Div. 2),Aug/18/2017 18:05,379,3,23,1782,Expert
28,"Codeforces Round 433 (Div. 2, based on Olympiad of Metropolises)",Sep/06/2017 15:55,2761,1,-127,1655,Expert
29,"Codeforces Round 441 (Div. 2, by Moscow Team Olympiad)",Oct/16/2017 14:05,375,4,45,1700,Expert
30,Codeforces Round 442 (Div. 2),Oct/23/2017 18:45,340,3,50,1750,Expert
31,Educational Codeforces Round 33 (Rated for Div. 2),Nov/23/2017 18:05,1612,3,-90,1660,Expert
32,Codeforces Round 450 (Div. 2),Dec/11/2017 19:05,513,3,19,1679,Expert
33,Educational Codeforces Round 34 (Rated for Div. 2),Dec/12/2017 18:05,76,4,121,1800,Expert
34,Codeforces Round 451 (Div. 2),Dec/16/2017 14:35,810,3,-47,1753,Expert
35,Codeforces Round 453 (Div. 2),Dec/19/2017 18:35,1208,2,-49,1704,Expert
36,"Codeforces Round 454 (Div. 2, based on Technocup 2018 Elimination Round 4)",Dec/23/2017 17:05,1371,1,-45,1659,Expert
37,Good Bye 2017,Dec/29/2017 18:40,905,3,73,1732,Expert
38,Hello 2018,Jan/08/2018 17:45,1342,3,7,1739,Expert
39,Educational Codeforces Round 36 (Rated for Div. 2),Jan/13/2018 16:05,199,3,56,1795,Expert
40,"Codecraft-18 and Codeforces Round 458 (Div. 1 + Div. 2, combined)",Jan/20/2018 18:35,297,4,98,1893,Expert
41,Codeforces Round 459 (Div. 2),Jan/29/2018 17:35,685,2,-44,1849,Expert
42,Codeforces Round 460 (Div. 2),Jan/31/2018 16:05,315,4,13,1862,Expert
43,Educational Codeforces Round 37 (Rated for Div. 2),Feb/02/2018 17:35,1581,3,-96,1766,Expert
44,Codeforces Round 461 (Div. 2),Feb/07/2018 20:15,1241,2,-57,1709,Expert
45,Codeforces Round 462 (Div. 2),Feb/14/2018 15:05,783,2,-1,1708,Expert
46,"ICM Technex 2018 and Codeforces Round 463 (Div. 1 + Div. 2, combined)",Feb/15/2018 17:35,545,3,70,1778,Expert
47,Educational Codeforces Round 38 (Rated for Div. 2),Feb/16/2018 18:05,450,3,0,1778,Expert
48,Codeforces Round 465 (Div. 2),Feb/19/2018 19:35,194,4,50,1828,Expert
49,Codeforces Round 466 (Div. 2),Feb/24/2018 12:35,593,3,-27,1801,Expert
50,Codeforces Round 471 (Div. 2),Mar/23/2018 19:35,427,2,-15,1786,Expert
51,"Codeforces Round 472 (rated, Div. 2, based on VK Cup 2018 Round 2)",Mar/24/2018 18:35,843,2,-50,1736,Expert
52,"Divide by Zero 2018 and Codeforces Round 474 (Div. 1 + Div. 2, combined)",Apr/07/2018 19:05,652,3,33,1769,Expert
53,Educational Codeforces Round 42 (Rated for Div. 2),Apr/10/2018 17:35,150,4,66,1835,Expert
54,"Codeforces Round 476 (Div. 2) [Thanks, Telegram!]",Apr/25/2018 20:35,157,3,14,1849,Expert
55,Educational Codeforces Round 43 (Rated for Div. 2),Apr/30/2018 17:40,399,3,-14,1835,Expert
56,Codeforces Round 484 (Div. 2),May/17/2018 19:35,436,3,15,1850,Expert
57,Educational Codeforces Round 44 (Rated for Div. 2),May/21/2018 17:45,1407,2,-77,1773,Expert
58,Codeforces Round 487 (Div. 2),Jun/11/2018 16:35,1134,2,-32,1741,Expert
59,Codeforces Round 489 (Div. 2),Jun/18/2018 19:35,611,3,10,1751,Expert
60,Codeforces Round 491 (Div. 2),Jun/23/2018 18:35,847,4,-8,1743,Expert
61,"Codeforces Round 492 (Div. 2) [Thanks, uDebug!]",Jun/24/2018 19:35,1876,2,-87,1656,Expert
62,Educational Codeforces Round 46 (Rated for Div. 2),Jun/27/2018 17:35,535,3,39,1695,Expert
63,Codeforces Round 493 (Div. 2),Jul/01/2018 17:05,369,3,43,1738,Expert
64,Codeforces Round 495 (Div. 2),Jul/05/2018 19:35,149,3,98,1836,Expert
65,Codeforces Round 497 (Div. 2),Jul/13/2018 17:35,158,3,53,1889,Expert
66,Educational Codeforces Round 47 (Rated for Div. 2),Jul/14/2018 17:35,330,4,15,1904,Candidate Master
67,Codeforces Round 499 (Div. 1),Jul/26/2018 18:05,482,2,-34,1870,Expert
68,Educational Codeforces Round 48 (Rated for Div. 2),Aug/03/2018 17:45,551,3,-3,1867,Expert
69,"Codeforces Round 503 (by SIS, Div. 2)",Aug/11/2018 16:35,3405,1,-138,1729,Expert
70,"Codeforces Round 504 (rated, Div. 1 + Div. 2, based on VK Cup 2018 Final)",Aug/17/2018 17:35,1360,3,-4,1725,Expert
71,Educational Codeforces Round 49 (Rated for Div. 2),Aug/18/2018 17:35,1002,3,-1,1724,Expert
72,"Codeforces Round 505 (rated, Div. 1 + Div. 2, based on VK Cup 2018 Final)",Aug/19/2018 16:35,624,3,72,1796,Expert
73,"AIM Tech Round 5 (rated, Div. 1 + Div. 2)",Aug/27/2018 19:35,1384,2,-42,1754,Expert
74,"Manthan, Codefest 18 (rated, Div. 1 + Div. 2)",Sep/02/2018 17:35,1170,4,0,1754,Expert
75,"Codeforces Round 507 (Div. 2, based on Olympiad of Metropolises)",Sep/05/2018 19:35,103,3,94,1848,Expert
76,Codeforces Round 508 (Div. 2),Sep/06/2018 18:35,363,4,36,1884,Expert
77,Educational Codeforces Round 50 (Rated for Div. 2),Sep/07/2018 17:35,460,4,4,1888,Expert
78,Codeforces Round 509 (Div. 2),Sep/16/2018 13:35,132,5,74,1962,Candidate Master
79,Educational Codeforces Round 51 (Rated for Div. 2),Sep/20/2018 17:45,78,4,76,2038,Candidate Master
80,"Codeforces Round 513 by Barcelona Bootcamp (rated, Div. 1 + Div. 2)",Oct/04/2018 10:05,984,3,-75,1963,Candidate Master
81,Codeforces Round 514 (Div. 2),Oct/05/2018 17:35,544,3,-24,1939,Candidate Master
82,Educational Codeforces Round 52 (Rated for Div. 2),Oct/11/2018 17:50,1984,2,-110,1829,Expert
83,"Codeforces Round 516 (Div. 2, by Moscow Team Olympiad)",Oct/14/2018 13:05,540,3,-18,1811,Expert
84,Mail.Ru Cup 2018 Round 1,Oct/18/2018 19:35,1982,2,-92,1719,Expert
85,"Codeforces Round 517 (Div. 2, based on Technocup 2019 Elimination Round 2)",Oct/21/2018 11:10,144,3,76,1795,Expert
86,"Codeforces Round 518 (Div. 2) [Thanks, Mail.Ru!]",Oct/24/2018 19:35,86,4,97,1892,Expert
87,Educational Codeforces Round 53 (Rated for Div. 2),Oct/25/2018 17:35,1272,2,-68,1824,Expert
88,Codeforces Round 519 by Botan Investments,Oct/28/2018 18:35,521,5,58,1882,Expert
89,Lyft Level 5 Challenge 2018 - Final Round (Open Div. 2),Nov/04/2018 21:10,659,2,-71,1811,Expert
90,Mail.Ru Cup 2018 Round 2,Nov/10/2018 17:35,404,3,58,1869,Expert
91,Educational Codeforces Round 54 (Rated for Div. 2),Nov/12/2018 17:35,65,5,108,1977,Candidate Master
92,Codeforces Round 520 (Div. 2),Nov/14/2018 18:35,681,3,-30,1947,Candidate Master
93,Codeforces Round 523 (Div. 2),Nov/22/2018 18:45,191,4,34,1981,Candidate Master
94,Codeforces Round 524 (Div. 2),Nov/24/2018 10:35,42,4,93,2074,Candidate Master
95,Educational Codeforces Round 55 (Rated for Div. 2),Nov/28/2018 17:35,569,3,-56,2018,Candidate Master
96,Codeforces Round 525 (Div. 2),Dec/04/2018 17:35,208,4,10,2028,Candidate Master
97,Codeforces Round 526 (Div. 1),Dec/10/2018 19:35,280,1,-44,1984,Candidate Master
98,Educational Codeforces Round 57 (Rated for Div. 2),Dec/28/2018 17:35,117,5,56,2040,Candidate Master
99,Good Bye 2018,Dec/30/2018 17:35,512,4,41,2081,Candidate Master
100,Educational Codeforces Round 58 (Rated for Div. 2),Jan/11/2019 17:35,240,5,-6,2075,Candidate Master
101,Codeforces Round 532 (Div. 2),Jan/13/2019 17:35,255,3,-7,2068,Candidate Master
102,Codeforces Round 533 (Div. 2),Jan/20/2019 15:05,897,3,-74,1994,Candidate Master
103,Codeforces Round 534 (Div. 1),Jan/22/2019 17:35,140,2,90,2084,Candidate Master
104,Educational Codeforces Round 59 (Rated for Div. 2),Jan/26/2019 18:35,2665,2,-160,1924,Candidate Master
105,CodeCraft-19 and Codeforces Round 537 (Div. 2),Feb/03/2019 18:35,512,2,-3,1921,Candidate Master
106,Codeforces Global Round 1,Feb/07/2019 16:35,935,3,10,1931,Candidate Master
107,Educational Codeforces Round 60 (Rated for Div. 2),Feb/18/2019 18:40,419,3,6,1937,Candidate Master
108,Codeforces Round 541 (Div. 2),Feb/23/2019 13:20,345,5,12,1949,Candidate Master
109,Educational Codeforces Round 61 (Rated for Div. 2),Mar/05/2019 18:05,303,3,6,1955,Candidate Master
110,Codeforces Round 548 (Div. 2),Mar/21/2019 18:35,163,3,43,1998,Candidate Master
111,Educational Codeforces Round 62 (Rated for Div. 2),Mar/22/2019 18:05,150,4,35,2033,Candidate Master
112,Codeforces Global Round 2,Apr/06/2019 14:35,1681,3,-88,1945,Candidate Master
113,Codeforces Round 553 (Div. 2),Apr/18/2019 18:35,57,5,104,2049,Candidate Master
114,Forethought Future Cup - Elimination Round,Apr/20/2019 21:05,1126,2,-110,1939,Candidate Master
115,Educational Codeforces Round 63 (Rated for Div. 2),Apr/22/2019 17:35,144,4,56,1995,Candidate Master
116,Codeforces Round 554 (Div. 2),Apr/24/2019 17:35,132,4,49,2044,Candidate Master
117,Codeforces Round 558 (Div. 2),May/09/2019 18:05,134,5,26,2070,Candidate Master
118,Educational Codeforces Round 65 (Rated for Div. 2),May/15/2019 17:35,237,4,-7,2063,Candidate Master
119,Codeforces Round 561 (Div. 2),May/17/2019 18:05,58,5,67,2130,Master
120,Codeforces Global Round 3,Jun/01/2019 17:35,664,4,-34,2096,Candidate Master
121,Codeforces Round 563 (Div. 2),Jun/03/2019 17:05,91,4,38,2134,Master
122,Codeforces Round 564 (Div. 1),Jun/07/2019 15:05,499,1,-86,2048,Candidate Master
123,Codeforces Round 566 (Div. 2),Jun/11/2019 16:05,25,4,118,2166,Master
124,Codeforces Round 569 (Div. 1),Jun/21/2019 20:05,249,2,-15,2151,Master
125,Codeforces Round 572 (Div. 1),Jul/05/2019 18:05,141,2,54,2205,Master
126,Codeforces Round 573 (Div. 1),Jul/12/2019 17:35,417,3,-55,2150,Master
127,Codeforces Round 576 (Div. 1),Jul/30/2019 17:35,253,3,10,2160,Master
128,"Manthan, Codefest 19 (open for everyone, rated, Div. 1 + Div. 2)",Aug/25/2019 17:35,2536,2,-139,2021,Candidate Master
129,"Codeforces Round 583 (Div. 1 + Div. 2, based on Olympiad of Metropolises)",Sep/04/2019 12:05,192,5,79,2100,Master
130,"Codeforces Round 584 - Dasha Code Championship - Elimination Round (rated, open for everyone, Div. 1 + Div. 2)",Sep/14/2019 16:05,449,6,21,2121,Master
131,Codeforces Round 586 (Div. 1 + Div. 2),Sep/18/2019 19:05,168,5,66,2187,Master
132,Codeforces Round 588 (Div. 1),Sep/23/2019 17:05,324,2,-16,2171,Master
133,Codeforces Global Round 5,Oct/16/2019 17:35,648,5,-18,2153,Master
134,"Codeforces Round 602 (Div. 1, based on Technocup 2020 Elimination Round 3)",Nov/24/2019 11:05,366,3,-56,2097,Candidate Master
135,Codeforces Round 603 (Div. 2),Nov/29/2019 17:35,63,5,68,2165,Master
136,Codeforces Round 604 (Div. 1),Dec/05/2019 17:35,471,2,-48,2117,Master
137,Codeforces Global Round 6,Dec/17/2019 18:05,586,4,-8,2109,Master
138,Codeforces Round 609 (Div. 1),Dec/21/2019 14:05,525,1,-72,2037,Candidate Master
139,Codeforces Round 610 (Div. 2),Dec/24/2019 17:35,41,5,103,2140,Master
140,Good Bye 2019,Dec/29/2019 17:05,2015,3,-100,2040,Candidate Master
141,Hello 2020,Jan/04/2020 15:05,327,4,85,2125,Master
142,Codeforces Round 612 (Div. 1),Jan/05/2020 17:05,277,2,39,2164,Master
143,Codeforces Round 614 (Div. 1),Jan/19/2020 16:35,326,2,8,2172,Master
144,Codeforces Round 616 (Div. 1),Feb/02/2020 17:05,475,2,-34,2138,Master
145,Codeforces Round 618 (Div. 1),Feb/09/2020 17:05,486,3,-10,2128,Master
146,Codeforces Round 621 (Div. 1 + Div. 2),Feb/17/2020 18:35,1083,3,-52,2076,Candidate Master
147,Codeforces Round 622 (Div. 2),Feb/23/2020 12:05,27,4,122,2198,Master
148,"Ozon Tech Challenge 2020 (Div.1 + Div.2, Rated, T-shirts + prizes!)",Mar/03/2020 17:35,1478,3,-86,2112,Master
149,Codeforces Global Round 7,Mar/19/2020 17:35,1479,5,-46,2066,Candidate Master
150,Educational Codeforces Round 84 (Rated for Div. 2),Mar/23/2020 17:35,111,5,80,2146,Master
151,"Codeforces Round 631 (Div. 1) - Thanks, Denis aramis Shitov!",Apr/03/2020 17:35,801,2,-37,2109,Master
152,Codeforces Round 633 (Div. 1),Apr/12/2020 17:05,427,3,37,2146,Master
153,Codeforces Global Round 8,Jun/18/2020 17:45,656,4,18,2164,Master
154,Codeforces Global Round 9,Jul/04/2020 17:45,1458,4,-40,2124,Master
155,Codeforces Round 658 (Div. 1),Jul/21/2020 17:35,300,3,63,2187,Master
156,Codeforces Global Round 10,Aug/16/2020 17:35,3945,3,-167,2020,Candidate Master
157,Educational Codeforces Round 94 (Rated for Div. 2),Aug/25/2020 17:35,559,4,-1,2019,Candidate Master
158,Codeforces Round 669 (Div. 2),Sep/08/2020 17:35,414,3,23,2042,Candidate Master
159,Codeforces Round 670 (Div. 2),Sep/12/2020 16:45,35,4,134,2176,Master
160,Grakn Forces 2020,Sep/30/2020 17:35,383,5,42,2218,Master
161,"Codeforces Round 683 (Div. 1, by Meet IT)",Nov/15/2020 17:35,834,1,-105,2113,Master
162,Codeforces Round 684 (Div. 1),Nov/17/2020 17:35,905,0,-104,2009,Candidate Master
163,Educational Codeforces Round 98 (Rated for Div. 2),Nov/19/2020 17:35,8,5,198,2207,Master
164,Codeforces Global Round 12,Dec/06/2020 17:35,575,4,-3,2204,Master
165,Codeforces Round 691 (Div. 1),Dec/19/2020 12:35,456,2,-39,2165,Master
166,"Codeforces Round 692 (Div. 1, based on Technocup 2021 Elimination Round 3)",Dec/20/2020 18:05,141,3,96,2261,Master
167,Good Bye 2020,Dec/30/2020 17:35,518,6,14,2275,Master
168,Codeforces Global Round 13,Feb/28/2021 16:35,528,4,3,2278,Master
169,Codeforces Round 706 (Div. 1),Mar/10/2021 15:05,458,2,-15,2263,Master
170,"Codeforces Round 707 (Div. 1, based on Moscow Open Olympiad in Informatics)",Mar/13/2021 12:05,395,1,-39,2224,Master
171,Codeforces Global Round 14,May/02/2021 17:35,204,6,82,2306,International Master
172,"Deltix Round, Summer 2021 (open for everyone, rated, Div. 1 + Div. 2)",Aug/29/2021 17:35,308,5,28,2334,International Master
173,Codeforces Global Round 17,Nov/23/2021 17:35,189,5,46,2380,International Master
174,Good Bye 2021: 2022 is NEAR,Dec/29/2021 18:35,717,4,-54,2326,International Master
175,Codeforces Global Round 21,Jun/25/2022 17:35,249,5,40,2366,International Master
176,"CodeTON Round 2 (Div. 1 + Div. 2, Rated, Prizes!)",Jul/31/2022 17:05,1798,3,-134,2232,Master
177,Codeforces Global Round 23,Oct/15/2022 17:35,312,4,51,2283,Master
178,Codeforces Round 831 (Div. 1 + Div. 2),Oct/29/2022 12:10,171,5,36,2319,International Master
179,"Codeforces Round 844 (Div. 1 + Div. 2, based on VK Cup 2022 - Elimination Round)",Jan/15/2023 15:05,210,5,42,2361,International Master
