#,Contest,Start time,Rank,Solved,Rating change,New rating,Title
1,Educational Codeforces Round 52 (Rated for Div. 2),Oct/11/2018 17:50,2021,2,-12,1488,Specialist
2,"Codeforces Round 516 (Div. 2, by Moscow Team Olympiad)",Oct/14/2018 13:05,466,4,90,1578,Specialist
3,"Codeforces Round 517 (Div. 2, based on Technocup 2019 Elimination Round 2)",Oct/21/2018 11:10,1081,2,-22,1556,Specialist
4,Educational Codeforces Round 54 (Rated for Div. 2),Nov/12/2018 17:35,699,3,48,1604,Expert
5,Codeforces Round 524 (Div. 2),Nov/24/2018 10:35,272,4,101,1705,Expert
6,Educational Codeforces Round 55 (Rated for Div. 2),Nov/28/2018 17:35,868,3,3,1708,Expert
7,Codeforces Round 525 (Div. 2),Dec/04/2018 17:35,789,3,9,1717,Expert
8,Educational Codeforces Round 56 (Rated for Div. 2),Dec/15/2018 17:35,691,4,10,1727,Expert
9,Good Bye 2018,Dec/30/2018 17:35,2392,4,-18,1709,Expert
10,Codeforces Round 532 (Div. 2),Jan/13/2019 17:35,727,3,25,1734,Expert
11,Codeforces Round 533 (Div. 2),Jan/20/2019 15:05,1476,3,-30,1704,Expert
12,CodeCraft-19 and Codeforces Round 537 (Div. 2),Feb/03/2019 18:35,1293,2,-9,1695,Expert
13,Codeforces Round 538 (Div. 2),Feb/10/2019 17:05,1073,3,15,1710,Expert
14,Codeforces Round 562 (Div. 2),May/26/2019 18:35,795,2,-6,1704,Expert
15,Educational Codeforces Round 66 (Rated for Div. 2),Jun/05/2019 17:35,649,3,39,1743,Expert
16,Codeforces Round 572 (Div. 2),Jul/05/2019 18:05,1816,3,-64,1679,Expert
17,Educational Codeforces Round 72 (Rated for Div. 2),Sep/05/2019 17:35,1248,2,23,1702,Expert
18,"Codeforces Round 584 - Dasha Code Championship - Elimination Round (rated, open for everyone, Div. 1 + Div. 2)",Sep/14/2019 16:05,3049,2,-62,1640,Expert
19,Codeforces Round 588 (Div. 2),Sep/23/2019 17:05,729,3,36,1676,Expert
20,Codeforces Round 589 (Div. 2),Sep/29/2019 16:05,935,3,42,1718,Expert
21,Educational Codeforces Round 74 (Rated for Div. 2),Oct/08/2019 17:35,558,4,52,1770,Expert
22,Codeforces Round 593 (Div. 2),Oct/17/2019 16:35,738,3,19,1789,Expert
23,Codeforces Round 594 (Div. 2),Oct/20/2019 12:05,108,4,92,1881,Expert
24,Educational Codeforces Round 75 (Rated for Div. 2),Oct/24/2019 18:05,183,4,66,1947,Candidate Master
25,Codeforces Round 597 (Div. 2),Nov/01/2019 17:35,835,4,-29,1918,Candidate Master
26,Codeforces Round 599 (Div. 1),Nov/06/2019 18:05,694,1,-60,1858,Expert
27,Educational Codeforces Round 76 (Rated for Div. 2),Nov/13/2019 17:35,812,4,-8,1850,Expert
28,Codeforces Round 600 (Div. 2),Nov/16/2019 17:35,646,4,9,1859,Expert
29,Codeforces Round 601 (Div. 2),Nov/19/2019 17:35,75,5,93,1952,Candidate Master
30,Codeforces Global Round 6,Dec/17/2019 18:05,864,4,-1,1951,Candidate Master
31,Hello 2020,Jan/04/2020 15:05,2797,2,-81,1870,Expert
32,Codeforces Round 613 (Div. 2),Jan/10/2020 17:05,2555,3,-88,1782,Expert
33,Codeforces Round 614 (Div. 2),Jan/19/2020 16:35,81,4,122,1904,Candidate Master
34,Educational Codeforces Round 81 (Rated for Div. 2),Jan/29/2020 17:35,269,4,56,1960,Candidate Master
35,Codeforces Round 616 (Div. 1),Feb/02/2020 17:05,366,2,56,2016,Candidate Master
36,Educational Codeforces Round 82 (Rated for Div. 2),Feb/12/2020 17:35,4046,2,-133,1883,Expert
37,Codeforces Round 619 (Div. 2),Feb/13/2020 17:35,309,4,58,1941,Candidate Master
38,Codeforces Round 621 (Div. 1 + Div. 2),Feb/17/2020 18:35,1648,3,-46,1895,Expert
39,"Codeforces Round 623 (Div. 2, based on VK Cup 2019-2020 - Elimination Round, Engine)",Feb/23/2020 19:05,524,4,-36,1859,Expert
40,"Ozon Tech Challenge 2020 (Div.1 + Div.2, Rated, T-shirts + prizes!)",Mar/03/2020 17:35,308,5,138,1997,Candidate Master
41,CodeCraft-20 (Div. 2),Mar/04/2020 17:35,102,4,76,2073,Candidate Master
42,"Codeforces Round 626 (Div. 1, based on Moscow Open Olympiad in Informatics)",Mar/07/2020 12:35,758,1,-94,1979,Candidate Master
43,Educational Codeforces Round 83 (Rated for Div. 2),Mar/09/2020 17:35,393,4,14,1993,Candidate Master
44,Codeforces Round 628 (Div. 2),Mar/14/2020 17:35,552,4,0,1993,Candidate Master
45,Codeforces Global Round 7,Mar/19/2020 17:35,1723,5,-30,1963,Candidate Master
46,Educational Codeforces Round 84 (Rated for Div. 2),Mar/23/2020 17:35,306,5,58,2021,Candidate Master
47,Codeforces Round 630 (Div. 2),Mar/31/2020 16:35,224,5,61,2082,Candidate Master
48,"Codeforces Round 631 (Div. 1) - Thanks, Denis aramis Shitov!",Apr/03/2020 17:35,765,2,-16,2066,Candidate Master
49,Codeforces Round 632 (Div. 2),Apr/08/2020 17:35,1386,3,-50,2016,Candidate Master
50,Educational Codeforces Round 85 (Rated for Div. 2),Apr/10/2020 17:35,1083,4,-21,1995,Candidate Master
51,Codeforces Round 633 (Div. 1),Apr/12/2020 17:05,731,2,11,2006,Candidate Master
52,Codeforces Round 635 (Div. 1),Apr/15/2020 17:35,1280,1,-77,1929,Candidate Master
53,Codeforces Round 638 (Div. 2),May/01/2020 17:35,23,5,199,2128,Master
54,Codeforces Round 641 (Div. 1),May/12/2020 15:35,514,3,14,2142,Master
55,Codeforces Global Round 9,Jul/04/2020 17:45,373,5,73,2215,Master
56,Codeforces Global Round 10,Aug/16/2020 17:35,230,6,65,2280,Master
57,Grakn Forces 2020,Sep/30/2020 17:35,1111,4,-72,2208,Master
58,"Codeforces Round 692 (Div. 1, based on Technocup 2021 Elimination Round 3)",Dec/20/2020 18:05,688,1,-88,2120,Master
59,Codeforces Round 712 (Div. 1),Apr/03/2021 17:35,739,2,-49,2071,Candidate Master
60,Codeforces Round 727 (Div. 2),Jun/20/2021 13:05,510,4,-33,2038,Candidate Master
61,Codeforces Global Round 15,Jul/25/2021 17:35,520,5,53,2091,Candidate Master
62,Codeforces Round 737 (Div. 2),Aug/09/2021 17:35,521,3,-23,2068,Candidate Master
63,Educational Codeforces Round 114 (Rated for Div. 2),Sep/20/2021 17:35,704,3,-42,2026,Candidate Master
64,Educational Codeforces Round 116 (Rated for Div. 2),Oct/29/2021 17:35,331,4,11,2037,Candidate Master
65,Codeforces Round 752 (Div. 1),Oct/30/2021 17:35,244,3,115,2152,Master
66,Codeforces Global Round 17,Nov/23/2021 17:35,110,5,139,2291,Master
67,"Deltix Round, Autumn 2021 (open for everyone, rated, Div. 1 + Div. 2)",Nov/28/2021 17:35,616,4,-40,2251,Master
68,Codeforces Round 758 (Div.1 + Div. 2),Dec/11/2021 13:05,108,4,87,2338,International Master
69,Codeforces Global Round 18,Dec/24/2021 17:35,573,4,-40,2298,Master
70,Good Bye 2021: 2022 is NEAR,Dec/29/2021 18:35,538,5,-9,2289,Master
71,Hello 2022,Jan/03/2022 17:35,188,5,76,2365,International Master
72,"CodeTON Round 1 (Div. 1 + Div. 2, Rated, Prizes!)",Mar/24/2022 17:35,548,5,-33,2332,International Master
73,Codeforces Round 783 (Div. 1),Apr/19/2022 17:35,786,1,-118,2214,Master
74,Codeforces Round 800 (Div. 1),Jun/16/2022 17:35,415,2,-21,2193,Master
75,Codeforces Global Round 21,Jun/25/2022 17:35,1097,4,-55,2138,Master
76,Codeforces Round 808 (Div. 1),Jul/16/2022 17:35,489,2,-14,2124,Master
77,"CodeTON Round 2 (Div. 1 + Div. 2, Rated, Prizes!)",Jul/31/2022 17:05,519,5,31,2155,Master
78,Codeforces Round 814 (Div. 1),Aug/16/2022 17:35,456,3,-12,2143,Master
79,Codeforces Global Round 22,Sep/30/2022 17:35,395,5,43,2186,Master
80,Dytechlab Cup 2022,Oct/07/2022 17:35,238,4,66,2252,Master
81,Codeforces Global Round 23,Oct/15/2022 17:35,549,4,-3,2249,Master
82,Codeforces Round 829 (Div. 1),Oct/23/2022 10:50,231,5,45,2294,Master
83,"CodeTON Round 3 (Div. 1 + Div. 2, Rated, Prizes!)",Nov/06/2022 17:35,382,4,-2,2292,Master
84,Pinely Round 1 (Div. 1 + Div. 2),Nov/20/2022 17:35,510,4,-32,2260,Master
85,Codeforces Global Round 24,Nov/26/2022 17:05,70,6,139,2399,International Master
86,"Polynomial Round 2022 (Div. 1 + Div. 2, Rated, Prizes!)",Dec/17/2022 17:35,403,5,-32,2367,International Master
87,Good Bye 2022: 2023 is NEAR,Dec/30/2022 17:35,773,4,-44,2323,International Master
88,Hello 2023,Jan/03/2023 17:35,1023,4,-73,2250,Master
