#,Contest,Start time,Rank,Solved,Rating change,New rating,Title
1,Codeforces Round 462 (Div. 2),Feb/14/2018 15:05,3509,0,-117,1383,Pupil
2,"ICM Technex 2018 and Codeforces Round 463 (Div. 1 + Div. 2, combined)",Feb/15/2018 17:35,3740,1,-76,1307,Pupil
3,Educational Codeforces Round 38 (Rated for Div. 2),Feb/16/2018 18:05,2540,2,-22,1285,Pupil
4,Codeforces Round 464 (Div. 2),Feb/17/2018 13:05,2904,1,-63,1222,Pupil
5,Codeforces Round 465 (Div. 2),Feb/19/2018 19:35,2755,2,1,1223,Pupil
6,Codeforces Round 466 (Div. 2),Feb/24/2018 12:35,2089,1,12,1235,Pupil
7,Codeforces Round 467 (Div. 2),Feb/25/2018 19:05,1798,2,34,1269,Pupil
8,Codeforces Round 469 (Div. 2),Mar/09/2018 11:10,2682,1,-59,1210,Pupil
9,Educational Codeforces Round 40 (Rated for Div. 2),Mar/22/2018 09:05,935,2,76,1286,Pupil
10,Codeforces Round 471 (Div. 2),Mar/23/2018 19:35,1039,2,61,1347,Pupil
11,"Divide by Zero 2018 and Codeforces Round 474 (Div. 1 + Div. 2, combined)",Apr/07/2018 19:05,2763,0,-112,1235,Pupil
12,Codeforces Round 478 (Div. 2),May/01/2018 17:05,2225,2,-19,1216,Pupil
13,Codeforces Round 479 (Div. 3),May/06/2018 17:05,3104,2,-24,1192,Newbie
14,Codeforces Round 482 (Div. 2),May/14/2018 17:35,2324,1,48,1240,Pupil
15,Educational Codeforces Round 44 (Rated for Div. 2),May/21/2018 17:45,2076,2,32,1272,Pupil
16,Codeforces Round 485 (Div. 2),May/29/2018 18:35,1934,2,27,1299,Pupil
17,Codeforces Round 486 (Div. 3),Jun/01/2018 17:35,201,4,165,1464,Specialist
18,Codeforces Round 491 (Div. 2),Jun/23/2018 18:35,4256,0,-127,1337,Pupil
19,Educational Codeforces Round 52 (Rated for Div. 2),Oct/11/2018 17:50,4254,1,-74,1263,Pupil
20,"Codeforces Round 517 (Div. 2, based on Technocup 2019 Elimination Round 2)",Oct/21/2018 11:10,310,3,186,1449,Specialist
21,"Codeforces Round 518 (Div. 2) [Thanks, Mail.Ru!]",Oct/24/2018 19:35,932,2,54,1503,Specialist
22,Educational Codeforces Round 53 (Rated for Div. 2),Oct/25/2018 17:35,697,3,79,1582,Specialist
23,Lyft Level 5 Challenge 2018 - Final Round (Open Div. 2),Nov/04/2018 21:10,834,2,-19,1563,Specialist
24,Codeforces Round 520 (Div. 2),Nov/14/2018 18:35,1740,2,-4,1559,Specialist
25,Codeforces Round 521 (Div. 3),Nov/16/2018 17:35,385,4,45,1604,Expert
26,Codeforces Round 523 (Div. 2),Nov/22/2018 18:45,1055,2,13,1617,Expert
27,Mail.Ru Cup 2018 Round 3,Nov/25/2018 19:35,1633,2,-52,1565,Specialist
28,Codeforces Round 525 (Div. 2),Dec/04/2018 17:35,2364,2,-48,1517,Specialist
29,Educational Codeforces Round 56 (Rated for Div. 2),Dec/15/2018 17:35,1560,3,-5,1512,Specialist
30,Codeforces Round 527 (Div. 3),Dec/18/2018 17:35,1273,2,-15,1497,Specialist
31,"Codeforces Round 528 (Div. 2, based on Technocup 2019 Elimination Round 4)",Dec/23/2018 16:35,813,3,44,1541,Specialist
32,Hello 2019,Jan/04/2019 17:45,1209,3,87,1628,Expert
33,Codeforces Round 530 (Div. 2),Jan/05/2019 19:35,876,4,17,1645,Expert
34,Educational Codeforces Round 59 (Rated for Div. 2),Jan/26/2019 18:35,299,4,94,1739,Expert
35,Codeforces Global Round 1,Feb/07/2019 16:35,1202,3,35,1774,Expert
36,Codeforces Round 539 (Div. 2),Feb/16/2019 19:35,707,3,-11,1763,Expert
37,Educational Codeforces Round 60 (Rated for Div. 2),Feb/18/2019 18:40,1849,2,-59,1704,Expert
38,Codeforces Round 542 [Alex Lopashev Thanks-Round] (Div. 2),Feb/24/2019 18:35,309,5,50,1754,Expert
39,Codeforces Round 546 (Div. 2),Mar/11/2019 19:35,585,3,11,1765,Expert
40,Codeforces Round 548 (Div. 2),Mar/21/2019 18:35,503,3,29,1794,Expert
41,Educational Codeforces Round 62 (Rated for Div. 2),Mar/22/2019 18:05,1548,3,-58,1736,Expert
42,Codeforces Round 553 (Div. 2),Apr/18/2019 18:35,1213,3,-24,1712,Expert
43,Educational Codeforces Round 63 (Rated for Div. 2),Apr/22/2019 17:35,528,4,42,1754,Expert
44,Codeforces Round 554 (Div. 2),Apr/24/2019 17:35,542,3,34,1788,Expert
45,Codeforces Round 556 (Div. 2),Apr/29/2019 17:35,431,3,19,1807,Expert
46,Codeforces Round 557 (Div. 2) [based on Forethought Future Cup - Final Round],May/04/2019 20:05,946,2,-77,1730,Expert
47,Codeforces Round 558 (Div. 2),May/09/2019 18:05,313,5,64,1794,Expert
48,Educational Codeforces Round 65 (Rated for Div. 2),May/15/2019 17:35,488,4,22,1816,Expert
49,Codeforces Round 561 (Div. 2),May/17/2019 18:05,979,3,-32,1784,Expert
50,Codeforces Round 566 (Div. 2),Jun/11/2019 16:05,1671,2,-53,1731,Expert
51,Codeforces Round 568 (Div. 2),Jun/19/2019 17:45,347,6,68,1799,Expert
52,Codeforces Round 569 (Div. 2),Jun/21/2019 20:05,469,3,-3,1796,Expert
53,Educational Codeforces Round 67 (Rated for Div. 2),Jun/30/2019 17:45,921,3,-18,1778,Expert
54,Codeforces Round 576 (Div. 2),Jul/30/2019 17:35,642,4,8,1786,Expert
55,Codeforces Round 577 (Div. 2),Aug/04/2019 19:35,858,3,-9,1777,Expert
56,Codeforces Round 580 (Div. 2),Aug/18/2019 16:45,735,3,5,1782,Expert
57,Codeforces Round 581 (Div. 2),Aug/20/2019 17:35,1497,3,-18,1764,Expert
58,Educational Codeforces Round 71 (Rated for Div. 2),Aug/22/2019 17:35,351,5,73,1837,Expert
59,Educational Codeforces Round 72 (Rated for Div. 2),Sep/05/2019 17:35,183,4,99,1936,Candidate Master
60,"Codeforces Round 584 - Dasha Code Championship - Elimination Round (rated, open for everyone, Div. 1 + Div. 2)",Sep/14/2019 16:05,607,6,40,1976,Candidate Master
61,Codeforces Round 586 (Div. 1 + Div. 2),Sep/18/2019 19:05,4100,2,-159,1817,Expert
62,Educational Codeforces Round 73 (Rated for Div. 2),Sep/19/2019 17:35,299,4,51,1868,Expert
63,Codeforces Round 588 (Div. 2),Sep/23/2019 17:05,1066,3,-46,1822,Expert
64,Codeforces Round 589 (Div. 2),Sep/29/2019 16:05,631,4,28,1850,Expert
65,Educational Codeforces Round 74 (Rated for Div. 2),Oct/08/2019 17:35,1350,3,-42,1808,Expert
66,Codeforces Global Round 5,Oct/16/2019 17:35,2141,3,-38,1770,Expert
67,Educational Codeforces Round 75 (Rated for Div. 2),Oct/24/2019 18:05,26,6,203,1973,Candidate Master
68,Codeforces Round 599 (Div. 1),Nov/06/2019 18:05,405,2,30,2003,Candidate Master
69,Educational Codeforces Round 76 (Rated for Div. 2),Nov/13/2019 17:35,405,5,-4,1999,Candidate Master
70,"Codeforces Round 602 (Div. 1, based on Technocup 2020 Elimination Round 3)",Nov/24/2019 11:05,280,4,20,2019,Candidate Master
71,Educational Codeforces Round 77 (Rated for Div. 2),Nov/27/2019 16:50,1889,2,-108,1911,Candidate Master
72,Codeforces Round 603 (Div. 2),Nov/29/2019 17:35,233,5,51,1962,Candidate Master
73,Codeforces Round 604 (Div. 1),Dec/05/2019 17:35,300,2,59,2021,Candidate Master
74,"Codeforces Round 606 (Div. 1, based on Technocup 2020 Elimination Round 4)",Dec/14/2019 14:05,396,2,-5,2016,Candidate Master
75,Codeforces Round 607 (Div. 1),Dec/15/2019 08:05,411,2,-65,1951,Candidate Master
76,Codeforces Round 608 (Div. 2),Dec/15/2019 12:15,665,3,-31,1920,Candidate Master
77,Educational Codeforces Round 78 (Rated for Div. 2),Dec/19/2019 17:35,294,4,35,1955,Candidate Master
78,Codeforces Round 609 (Div. 1),Dec/21/2019 14:05,478,1,-25,1930,Candidate Master
79,Codeforces Round 610 (Div. 2),Dec/24/2019 17:35,758,4,-28,1902,Candidate Master
80,Good Bye 2019,Dec/29/2019 17:05,2316,3,-58,1844,Expert
81,Codeforces Round 612 (Div. 2),Jan/05/2020 17:05,111,4,84,1928,Candidate Master
82,Codeforces Round 613 (Div. 2),Jan/10/2020 17:05,444,4,13,1941,Candidate Master
83,Codeforces Round 614 (Div. 1),Jan/19/2020 16:35,527,2,13,1954,Candidate Master
84,Codeforces Round 616 (Div. 1),Feb/02/2020 17:05,674,2,-32,1922,Candidate Master
85,Codeforces Round 618 (Div. 1),Feb/09/2020 17:05,794,2,-27,1895,Expert
86,Educational Codeforces Round 82 (Rated for Div. 2),Feb/12/2020 17:35,1332,3,-30,1865,Expert
87,Codeforces Round 619 (Div. 2),Feb/13/2020 17:35,312,4,62,1927,Candidate Master
88,Codeforces Round 620 (Div. 2),Feb/15/2020 16:05,440,5,26,1953,Candidate Master
89,Codeforces Round 621 (Div. 1 + Div. 2),Feb/17/2020 18:35,475,4,62,2015,Candidate Master
90,"Codeforces Round 623 (Div. 1, based on VK Cup 2019-2020 - Elimination Round, Engine)",Feb/23/2020 19:05,431,1,-48,1967,Candidate Master
91,"Codeforces Round 625 (Div. 1, based on Technocup 2020 Final Round)",Mar/01/2020 16:15,560,3,9,1976,Candidate Master
92,Educational Codeforces Round 83 (Rated for Div. 2),Mar/09/2020 17:35,967,4,-38,1938,Candidate Master
93,Codeforces Round 628 (Div. 2),Mar/14/2020 17:35,1887,3,-62,1876,Expert
94,Codeforces Round 645 (Div. 2),May/26/2020 17:35,821,4,25,1901,Candidate Master
95,Educational Codeforces Round 88 (Rated for Div. 2),May/28/2020 17:35,1393,3,-16,1885,Expert
96,Educational Codeforces Round 89 (Rated for Div. 2),Jun/11/2020 17:35,132,5,121,2006,Candidate Master
97,Codeforces Round 662 (Div. 2),Aug/07/2020 17:35,154,4,75,2081,Candidate Master
98,Educational Codeforces Round 94 (Rated for Div. 2),Aug/25/2020 17:35,20,5,149,2230,Master
99,Codeforces Round 666 (Div. 1),Aug/30/2020 17:35,603,2,-28,2202,Master
100,Good Bye 2020,Dec/30/2020 17:35,1122,5,-35,2167,Master
101,Codeforces Global Round 13,Feb/28/2021 16:35,2485,3,-113,2054,Candidate Master
102,Educational Codeforces Round 105 (Rated for Div. 2),Mar/02/2021 17:45,159,4,53,2107,Master
103,Contest 2050 and Codeforces Round 718 (Div. 1 + Div. 2),Apr/23/2021 17:35,3338,3,-140,1967,Candidate Master
104,Educational Codeforces Round 110 (Rated for Div. 2),Jun/04/2021 17:35,433,4,12,1979,Candidate Master
105,Codeforces Round 735 (Div. 2),Jul/29/2021 17:35,2041,2,-84,1895,Expert
106,Educational Codeforces Round 112 (Rated for Div. 2),Jul/30/2021 17:35,363,5,46,1941,Candidate Master
107,Codeforces Round 737 (Div. 2),Aug/09/2021 17:35,389,3,32,1973,Candidate Master
108,Codeforces Round 758 (Div.1 + Div. 2),Dec/11/2021 13:05,1611,2,-72,1901,Candidate Master
109,Codeforces Round 761 (Div. 2),Dec/16/2021 16:35,1827,3,-81,1820,Expert
110,Hello 2022,Jan/03/2022 17:35,1421,3,18,1838,Expert
111,Codeforces Round 785 (Div. 2),Apr/30/2022 17:35,231,4,71,1909,Candidate Master
112,Codeforces Round 788 (Div. 2),May/06/2022 17:35,244,4,41,1950,Candidate Master
113,Codeforces Round 792 (Div. 1 + Div. 2),May/19/2022 17:35,8110,2,-202,1748,Expert
114,CodeCraft-22 and Codeforces Round 795 (Div. 2),May/31/2022 17:35,95,5,144,1892,Expert
115,Codeforces Round 800 (Div. 2),Jun/16/2022 17:35,297,4,25,1917,Candidate Master
116,Codeforces Round 801 (Div. 2) and EPIC Institute of Technology Round,Jun/18/2022 17:35,3880,2,-129,1788,Expert
117,Codeforces Round 803 (Div. 2),Jun/28/2022 17:35,106,5,131,1919,Candidate Master
118,Educational Codeforces Round 132 (Rated for Div. 2),Jul/21/2022 17:35,169,4,73,1992,Candidate Master
119,Codeforces Round 816 (Div. 2),Aug/20/2022 17:35,271,4,28,2020,Candidate Master
120,Codeforces Round 818 (Div. 2),Sep/02/2022 17:35,1706,3,-95,1925,Candidate Master
121,Codeforces Round 821 (Div. 2),Sep/19/2022 17:35,124,5,80,2005,Candidate Master
122,Codeforces Round 824 (Div. 2),Oct/02/2022 17:35,1633,3,-94,1911,Candidate Master
123,Codeforces Round 825 (Div. 2),Oct/10/2022 17:35,123,4,86,1997,Candidate Master
124,Educational Codeforces Round 137 (Rated for Div. 2),Oct/17/2022 17:35,111,5,68,2065,Candidate Master
125,Codeforces Round 829 (Div. 1),Oct/23/2022 10:50,839,3,-72,1993,Candidate Master
126,Codeforces Round 830 (Div. 2),Oct/23/2022 13:05,793,3,-51,1942,Candidate Master
127,Codeforces Round 833 (Div. 2),Nov/12/2022 17:35,64,5,108,2050,Candidate Master
128,Pinely Round 1 (Div. 1 + Div. 2),Nov/20/2022 17:35,586,4,16,2066,Candidate Master
129,Codeforces Round 836 (Div. 2),Nov/25/2022 18:35,207,4,12,2078,Candidate Master
130,Codeforces Global Round 24,Nov/26/2022 17:05,563,4,7,2085,Candidate Master
131,Educational Codeforces Round 139 (Rated for Div. 2),Dec/12/2022 17:35,11,5,153,2238,Master
132,"Polynomial Round 2022 (Div. 1 + Div. 2, Rated, Prizes!)",Dec/17/2022 17:35,1759,3,-127,2111,Master
133,Good Bye 2022: 2023 is NEAR,Dec/30/2022 17:35,772,4,20,2131,Master
134,Hello 2023,Jan/03/2023 17:35,1514,4,-62,2069,Candidate Master
135,Codeforces Round 842 (Div. 2),Jan/05/2023 17:35,156,4,38,2107,Master
136,"Codeforces Round 844 (Div. 1 + Div. 2, based on VK Cup 2022 - Elimination Round)",Jan/15/2023 15:05,750,4,-15,2092,Candidate Master
137,Codeforces Round 845 (Div. 2) and ByteRace 2023,Jan/21/2023 17:35,606,3,-60,2032,Candidate Master
138,Educational Codeforces Round 142 (Rated for Div. 2),Jan/24/2023 17:35,42,5,105,2137,Master
139,"Codeforces Round 850 (Div. 1, based on VK Cup 2022 - Final Round)",Feb/05/2023 15:05,425,3,17,2154,Master
140,Codeforces Round 854 by cybercats (Div. 1 + Div. 2),Feb/27/2023 17:35,552,5,-8,2146,Master
