#,Contest,Start time,Rank,Solved,Rating change,New rating,Title
1,"Intel Code Challenge Final Round (Div. 1 + Div. 2, Combined)",Oct/08/2016 15:15,2374,1,-54,1446,Specialist
2,Codeforces Round 376 (Div. 2),Oct/16/2016 12:45,1522,2,-18,1428,Specialist
3,"Codeforces Round 380 (Div. 2, Rated, Based on Technocup 2017 - Elimination Round 2)",Nov/20/2016 12:05,1163,2,-13,1415,Specialist
4,Codeforces Round 387 (Div. 2),Dec/19/2016 05:05,414,3,62,1477,Specialist
5,"Codeforces Round 389 (Div. 2, Rated, Based on Technocup 2017 - Elimination Round 3)",Dec/25/2016 12:05,1266,2,-31,1446,Specialist
6,Codeforces Round 416 (Div. 2),May/27/2017 12:35,827,2,44,1490,Specialist
7,"Codeforces Round 440 (Div. 2, based on Technocup 2018 Elimination Round 2)",Oct/15/2017 11:05,167,3,136,1626,Expert
8,"Codeforces Round 441 (Div. 2, by Moscow Team Olympiad)",Oct/16/2017 14:05,823,4,0,1626,Expert
9,Codeforces Round 443 (Div. 2),Oct/26/2017 17:45,645,2,26,1652,Expert
10,Codeforces Round 446 (Div. 2),Nov/17/2017 17:35,472,3,33,1685,Expert
11,Codeforces Round 447 (Div. 2),Nov/19/2017 16:55,89,3,118,1803,Expert
12,Educational Codeforces Round 33 (Rated for Div. 2),Nov/23/2017 18:05,166,4,37,1840,Expert
13,Codeforces Round 448 (Div. 2),Nov/26/2017 19:05,1802,0,-147,1693,Expert
14,Codeforces Round 449 (Div. 2),Dec/02/2017 17:05,466,3,11,1704,Expert
15,Codeforces Round 452 (Div. 2),Dec/17/2017 09:35,275,4,31,1735,Expert
16,"Codeforces Round 454 (Div. 2, based on Technocup 2018 Elimination Round 4)",Dec/23/2017 17:05,74,3,127,1862,Expert
17,Educational Codeforces Round 35 (Rated for Div. 2),Dec/28/2017 17:05,400,4,-17,1845,Expert
18,Good Bye 2017,Dec/29/2017 18:40,1789,3,-39,1806,Expert
19,Educational Codeforces Round 36 (Rated for Div. 2),Jan/13/2018 16:05,275,3,20,1826,Expert
20,Codeforces Round 500 (Div. 2) [based on EJOI],Jul/30/2018 11:15,136,4,51,1877,Expert
21,Educational Codeforces Round 48 (Rated for Div. 2),Aug/03/2018 17:45,148,4,73,1950,Candidate Master
22,"Codeforces Round 503 (by SIS, Div. 1)",Aug/11/2018 16:35,213,2,63,2013,Candidate Master
23,"Codeforces Round 504 (rated, Div. 1 + Div. 2, based on VK Cup 2018 Final)",Aug/17/2018 17:35,766,4,-26,1987,Candidate Master
24,"Manthan, Codefest 18 (rated, Div. 1 + Div. 2)",Sep/02/2018 17:35,173,5,90,2077,Candidate Master
25,"Codeforces Round 507 (Div. 1, based on Olympiad of Metropolises)",Sep/05/2018 19:35,277,1,-56,2021,Candidate Master
26,Codeforces Round 510 (Div. 2),Sep/17/2018 11:05,422,4,-45,1976,Candidate Master
27,Codeforces Round 511 (Div. 1),Sep/21/2018 17:35,153,2,86,2062,Candidate Master
28,"Codeforces Round 512 (Div. 1, based on Technocup 2019 Elimination Round 1)",Sep/23/2018 16:05,190,2,20,2082,Candidate Master
29,"Codeforces Round 513 by Barcelona Bootcamp (rated, Div. 1 + Div. 2)",Oct/04/2018 10:05,279,5,19,2101,Master
30,"Codeforces Round 516 (Div. 1, by Moscow Team Olympiad)",Oct/14/2018 13:05,328,2,-46,2055,Candidate Master
31,"Codeforces Round 517 (Div. 1, based on Technocup 2019 Elimination Round 2)",Oct/21/2018 11:10,340,1,-49,2006,Candidate Master
32,Codeforces Round 519 by Botan Investments,Oct/28/2018 18:35,398,5,33,2039,Candidate Master
33,Mail.Ru Cup 2018 Round 2,Nov/10/2018 17:35,266,3,34,2073,Candidate Master
34,"Codeforces Round 528 (Div. 1, based on Technocup 2019 Elimination Round 4)",Dec/23/2018 16:35,145,3,64,2137,Master
35,Good Bye 2018,Dec/30/2018 17:35,587,4,4,2141,Master
36,Hello 2019,Jan/04/2019 17:45,312,4,39,2180,Master
37,Codeforces Round 534 (Div. 1),Jan/22/2019 17:35,156,2,25,2205,Master
38,Codeforces Global Round 1,Feb/07/2019 16:35,165,5,73,2278,Master
39,Codeforces Round 549 (Div. 1),Mar/30/2019 20:10,93,2,24,2302,International Master
40,Codeforces Global Round 2,Apr/06/2019 14:35,982,4,-101,2201,Master
41,Forethought Future Cup - Elimination Round,Apr/20/2019 21:05,145,5,41,2242,Master
42,Codeforces Round 556 (Div. 1),Apr/29/2019 17:35,191,2,19,2261,Master
43,Codeforces Round 557 (Div. 1) [based on Forethought Future Cup - Final Round],May/04/2019 20:05,123,3,14,2275,Master
44,Codeforces Round 562 (Div. 1),May/26/2019 18:35,248,2,-47,2228,Master
45,Codeforces Global Round 3,Jun/01/2019 17:35,224,5,29,2257,Master
46,Codeforces Round 569 (Div. 1),Jun/21/2019 20:05,171,3,-2,2255,Master
47,Codeforces Round 572 (Div. 1),Jul/05/2019 18:05,114,2,43,2298,Master
48,Codeforces Round 573 (Div. 1),Jul/12/2019 17:35,524,2,-98,2200,Master
49,Codeforces Global Round 4,Jul/20/2019 18:35,192,6,46,2246,Master
50,Codeforces Round 580 (Div. 1),Aug/18/2019 16:45,40,3,135,2381,International Master
51,"Codeforces Round 584 - Dasha Code Championship - Elimination Round (rated, open for everyone, Div. 1 + Div. 2)",Sep/14/2019 16:05,344,6,-30,2351,International Master
52,Codeforces Round 588 (Div. 1),Sep/23/2019 17:05,133,3,22,2373,International Master
53,Codeforces Round 594 (Div. 1),Oct/20/2019 12:05,233,2,-45,2328,International Master
54,Codeforces Round 601 (Div. 1),Nov/19/2019 17:35,410,2,-73,2255,Master
55,"Codeforces Round 606 (Div. 1, based on Technocup 2020 Elimination Round 4)",Dec/14/2019 14:05,91,3,76,2331,International Master
56,Codeforces Global Round 6,Dec/17/2019 18:05,682,4,-72,2259,Master
57,Codeforces Round 609 (Div. 1),Dec/21/2019 14:05,97,3,66,2325,International Master
58,Good Bye 2019,Dec/29/2019 17:05,31,7,168,2493,Grandmaster
59,Hello 2020,Jan/04/2020 15:05,717,4,-90,2403,Grandmaster
60,Codeforces Round 612 (Div. 1),Jan/05/2020 17:05,59,4,92,2495,Grandmaster
61,Codeforces Round 616 (Div. 1),Feb/02/2020 17:05,149,3,-11,2484,Grandmaster
62,Codeforces Round 618 (Div. 1),Feb/09/2020 17:05,122,3,19,2503,Grandmaster
63,"Codeforces Round 623 (Div. 1, based on VK Cup 2019-2020 - Elimination Round, Engine)",Feb/23/2020 19:05,83,3,2,2505,Grandmaster
64,"Codeforces Round 625 (Div. 1, based on Technocup 2020 Final Round)",Mar/01/2020 16:15,486,3,-98,2407,Grandmaster
65,"Codeforces Round 626 (Div. 1, based on Moscow Open Olympiad in Informatics)",Mar/07/2020 12:35,116,3,33,2440,Grandmaster
66,Codeforces Global Round 7,Mar/19/2020 17:35,325,6,-11,2429,Grandmaster
67,"Codeforces Round 631 (Div. 1) - Thanks, Denis aramis Shitov!",Apr/03/2020 17:35,252,3,1,2430,Grandmaster
68,Codeforces Round 633 (Div. 1),Apr/12/2020 17:05,127,3,43,2473,Grandmaster
69,Codeforces Round 635 (Div. 1),Apr/15/2020 17:35,781,2,-102,2371,International Master
70,Codeforces Round 641 (Div. 1),May/12/2020 15:35,428,3,-30,2341,International Master
71,"Codeforces Round 647 (Div. 1) - Thanks, Algo Muse!",Jun/04/2020 17:35,406,2,-30,2311,International Master
72,Codeforces Global Round 8,Jun/18/2020 17:45,482,4,-2,2309,International Master
73,Codeforces Global Round 9,Jul/04/2020 17:45,146,6,92,2401,Grandmaster
74,Codeforces Round 673 (Div. 1),Sep/27/2020 18:05,277,3,-19,2382,International Master
75,Grakn Forces 2020,Sep/30/2020 17:35,63,7,114,2496,Grandmaster
76,Codeforces Raif Round 1 (Div. 1 + Div. 2),Oct/17/2020 16:05,354,5,-33,2463,Grandmaster
77,"Codeforces Round 680 (Div. 1, based on Moscow Team Olympiad)",Nov/01/2020 14:05,47,3,96,2559,Grandmaster
78,"Codeforces Round 681 (Div. 1, based on VK Cup 2019-2020 - Final)",Nov/02/2020 17:35,820,1,-153,2406,Grandmaster
79,"Codeforces Round 683 (Div. 1, by Meet IT)",Nov/15/2020 17:35,274,3,-22,2384,International Master
80,Codeforces Round 684 (Div. 1),Nov/17/2020 17:35,388,2,-45,2339,International Master
81,Codeforces Round 691 (Div. 1),Dec/19/2020 12:35,173,2,23,2362,International Master
82,Codeforces Round 700 (Div. 1),Feb/07/2021 17:35,59,4,132,2494,Grandmaster
83,Codeforces Round 706 (Div. 1),Mar/10/2021 15:05,644,2,-96,2398,International Master
84,Codeforces Round 712 (Div. 1),Apr/03/2021 17:35,104,4,70,2468,Grandmaster
85,Codeforces Round 715 (Div. 1),Apr/16/2021 17:35,64,3,77,2545,Grandmaster
86,Contest 2050 and Codeforces Round 718 (Div. 1 + Div. 2),Apr/23/2021 17:35,289,4,-27,2518,Grandmaster
87,Codeforces Round 722 (Div. 1),May/24/2021 17:35,265,3,-36,2482,Grandmaster
88,"Deltix Round, Spring 2021 (open for everyone, rated, Div. 1 + Div. 2)",May/30/2021 17:35,3441,2,-224,2258,Master
89,Codeforces LATOKEN Round 1 (Div. 1 + Div. 2),Jun/13/2021 18:35,271,5,36,2294,Master
90,Codeforces Round 732 (Div. 1),Jul/11/2021 17:05,501,2,-43,2251,Master
91,"Codeforces Round 733 (Div. 1 + Div. 2, based on VK Cup 2021 - Elimination (Engine))",Jul/17/2021 17:35,1008,4,-67,2184,Master
92,"Codeforces Round 740 (Div. 1, based on VK Cup 2021 - Final (Engine))",Aug/24/2021 17:35,263,3,48,2232,Master
93,"Codeforces Round 749 (Div. 1 + Div. 2, based on Technocup 2022 Elimination Round 1)",Oct/17/2021 14:05,151,6,87,2319,International Master
94,Codeforces Global Round 17,Nov/23/2021 17:35,281,5,17,2336,International Master
95,Codeforces Global Round 19,Feb/12/2022 17:35,550,5,-29,2307,International Master
96,"Codeforces Round 775 (Div. 1, based on Moscow Open Olympiad in Informatics)",Mar/06/2022 12:55,423,3,-42,2265,Master
97,Codeforces Global Round 22,Sep/30/2022 17:35,354,5,20,2285,Master
98,Dytechlab Cup 2022,Oct/07/2022 17:35,118,5,98,2383,International Master
99,Codeforces Global Round 23,Oct/15/2022 17:35,180,5,56,2439,Grandmaster
100,"CodeTON Round 3 (Div. 1 + Div. 2, Rated, Prizes!)",Nov/06/2022 17:35,223,5,3,2442,Grandmaster
101,Pinely Round 1 (Div. 1 + Div. 2),Nov/20/2022 17:35,300,4,-26,2416,Grandmaster
