#,Contest,Start time,Rank,Solved,Rating change,New rating,Title
1,Codeforces Round 640 (Div. 4),May/09/2020 17:35,642,5,67,1567,Specialist
2,Codeforces Round 642 (Div. 3),May/14/2020 17:35,2036,4,5,1572,Specialist
3,Codeforces Round 649 (Div. 2),Jun/13/2020 18:05,4223,2,-26,1546,Specialist
4,Codeforces Round 650 (Div. 3),Jun/16/2020 17:35,6412,3,-81,1465,Specialist
5,Codeforces Global Round 8,Jun/18/2020 17:45,2630,4,75,1540,Specialist
6,Codeforces Round 651 (Div. 2),Jun/20/2020 17:35,1969,3,52,1592,Specialist
7,Educational Codeforces Round 90 (Rated for Div. 2),Jun/25/2020 17:35,2619,4,2,1594,Specialist
8,Codeforces Round 653 (Div. 3),Jun/28/2020 17:35,1566,4,-8,1586,Specialist
9,Codeforces Global Round 9,Jul/04/2020 17:45,5248,2,-42,1544,Specialist
10,Codeforces Round 656 (Div. 3),Jul/17/2020 17:35,1363,4,16,1560,Specialist
11,Codeforces Round 658 (Div. 2),Jul/21/2020 17:35,519,4,118,1678,Expert
12,Codeforces Round 659 (Div. 2),Jul/24/2020 17:35,1859,2,13,1691,Expert
13,Codeforces Round 660 (Div. 2),Jul/30/2020 17:35,2209,3,-1,1690,Expert
14,Codeforces Round 662 (Div. 2),Aug/07/2020 17:35,1958,3,6,1696,Expert
15,Codeforces Round 663 (Div. 2),Aug/09/2020 17:35,158,4,164,1860,Expert
16,Educational Codeforces Round 93 (Rated for Div. 2),Aug/14/2020 17:35,1987,3,-39,1821,Expert
17,Codeforces Global Round 10,Aug/16/2020 17:35,1636,4,4,1825,Expert
18,Codeforces Round 665 (Div. 2),Aug/21/2020 17:35,1253,4,-2,1823,Expert
19,Educational Codeforces Round 94 (Rated for Div. 2),Aug/25/2020 17:35,5494,1,-113,1710,Expert
20,Codeforces Round 666 (Div. 2),Aug/30/2020 17:35,612,4,55,1765,Expert
21,Codeforces Round 668 (Div. 2),Sep/06/2020 17:35,72,4,144,1909,Candidate Master
22,Codeforces Round 671 (Div. 2),Sep/19/2020 17:35,3334,3,-103,1806,Expert
23,Codeforces Round 672 (Div. 2),Sep/24/2020 17:35,1784,3,-24,1782,Expert
24,Codeforces Round 673 (Div. 2),Sep/27/2020 18:05,206,4,67,1849,Expert
25,Grakn Forces 2020,Sep/30/2020 17:35,1564,3,-3,1846,Expert
26,Codeforces Round 675 (Div. 2),Oct/04/2020 19:05,1711,2,-57,1789,Expert
27,Codeforces Global Round 11,Oct/10/2020 17:50,1586,3,15,1804,Expert
28,Educational Codeforces Round 96 (Rated for Div. 2),Oct/11/2020 12:05,708,4,13,1817,Expert
29,Codeforces Raif Round 1 (Div. 1 + Div. 2),Oct/17/2020 16:05,4918,3,-123,1694,Expert
30,Codeforces Round 676 (Div. 2),Oct/18/2020 12:05,289,4,111,1805,Expert
31,Codeforces Round 678 (Div. 2),Oct/24/2020 17:05,1781,3,-45,1760,Expert
32,"Codeforces Round 679 (Div. 2, based on Technocup 2021 Elimination Round 1)",Oct/25/2020 14:05,1327,2,-48,1712,Expert
33,Educational Codeforces Round 97 (Rated for Div. 2),Oct/27/2020 17:35,209,4,129,1841,Expert
34,"Codeforces Round 680 (Div. 2, based on Moscow Team Olympiad)",Nov/01/2020 14:05,579,3,-10,1831,Expert
35,"Codeforces Round 681 (Div. 2, based on VK Cup 2019-2020 - Final)",Nov/02/2020 17:35,512,4,2,1833,Expert
36,"Codeforces Round 683 (Div. 2, by Meet IT)",Nov/15/2020 17:35,286,4,28,1861,Expert
37,Codeforces Round 684 (Div. 2),Nov/17/2020 17:35,408,4,13,1874,Expert
38,Educational Codeforces Round 98 (Rated for Div. 2),Nov/19/2020 17:35,1486,4,-50,1824,Expert
39,Codeforces Round 685 (Div. 2),Nov/21/2020 17:35,991,4,7,1831,Expert
40,"Codeforces Round 687 (Div. 2, based on Technocup 2021 Elimination Round 2)",Nov/29/2020 10:05,439,3,4,1835,Expert
41,Educational Codeforces Round 99 (Rated for Div. 2),Nov/30/2020 17:35,847,4,9,1844,Expert
42,Codeforces Round 688 (Div. 2),Dec/04/2020 16:05,1127,3,-22,1822,Expert
43,Codeforces Global Round 12,Dec/06/2020 17:35,918,4,54,1876,Expert
44,Educational Codeforces Round 100 (Rated for Div. 2),Dec/17/2020 17:35,1153,3,-17,1859,Expert
45,Codeforces Round 691 (Div. 2),Dec/19/2020 12:35,417,3,4,1863,Expert
46,"Codeforces Round 692 (Div. 2, based on Technocup 2021 Elimination Round 3)",Dec/20/2020 18:05,232,3,41,1904,Candidate Master
47,Good Bye 2020,Dec/30/2020 17:35,1824,5,-7,1897,Expert
48,Codeforces Round 694 (Div. 2),Jan/05/2021 17:35,1138,3,-31,1866,Expert
49,Codeforces Round 695 (Div. 2),Jan/08/2021 17:35,7954,1,-152,1714,Expert
50,Educational Codeforces Round 102 (Rated for Div. 2),Jan/14/2021 17:35,1171,4,18,1732,Expert
51,Codeforces Round 696 (Div. 2),Jan/19/2021 17:35,1071,3,24,1756,Expert
52,Codeforces Round 698 (Div. 2),Jan/28/2021 17:35,1253,3,-6,1750,Expert
53,Educational Codeforces Round 103 (Rated for Div. 2),Jan/29/2021 17:35,230,4,124,1874,Expert
54,Codeforces Round 699 (Div. 2),Feb/05/2021 17:35,3112,2,-86,1788,Expert
55,Codeforces Round 701 (Div. 2),Feb/12/2021 17:50,1845,2,-32,1756,Expert
56,Educational Codeforces Round 104 (Rated for Div. 2),Feb/15/2021 17:35,2817,3,-57,1699,Expert
57,Codeforces Round 703 (Div. 2),Feb/18/2021 17:35,914,4,52,1751,Expert
58,Codeforces Round 704 (Div. 2),Feb/23/2021 12:05,1032,3,12,1763,Expert
59,Codeforces Global Round 13,Feb/28/2021 16:35,683,4,119,1882,Expert
60,Educational Codeforces Round 105 (Rated for Div. 2),Mar/02/2021 17:45,3630,2,-103,1779,Expert
61,Codeforces Round 705 (Div. 2),Mar/06/2021 17:05,4690,1,-121,1658,Expert
62,Codeforces Round 706 (Div. 2),Mar/10/2021 15:05,597,3,55,1713,Expert
63,"Codeforces Round 707 (Div. 2, based on Moscow Open Olympiad in Informatics)",Mar/13/2021 12:05,2634,2,-78,1635,Expert
64,Educational Codeforces Round 106 (Rated for Div. 2),Mar/18/2021 17:50,1477,3,10,1645,Expert
65,"Codeforces Round 709 (Div. 2, based on Technocup 2021 Final Round)",Mar/21/2021 16:20,168,3,116,1761,Expert
66,CodeCraft-21 and Codeforces Round 711 (Div. 2),Mar/29/2021 17:35,72,5,165,1926,Candidate Master
67,Codeforces Round 737 (Div. 2),Aug/09/2021 17:35,347,3,42,1968,Candidate Master
68,"Deltix Round, Summer 2021 (open for everyone, rated, Div. 1 + Div. 2)",Aug/29/2021 17:35,409,5,94,2062,Candidate Master
69,Codeforces Round 746 (Div. 2),Oct/03/2021 17:35,216,3,21,2083,Candidate Master
70,Educational Codeforces Round 116 (Rated for Div. 2),Oct/29/2021 17:35,155,4,36,2119,Master
71,Codeforces Round 773 (Div. 1),Feb/23/2022 13:10,535,2,-15,2104,Master
72,"CodeTON Round 2 (Div. 1 + Div. 2, Rated, Prizes!)",Jul/31/2022 17:05,352,5,70,2174,Master
73,Codeforces Round 814 (Div. 1),Aug/16/2022 17:35,536,2,-37,2137,Master
74,Codeforces Global Round 22,Sep/30/2022 17:35,1156,3,-53,2084,Candidate Master
75,Codeforces Round 824 (Div. 2),Oct/02/2022 17:35,932,4,-76,2008,Candidate Master
76,Dytechlab Cup 2022,Oct/07/2022 17:35,441,4,59,2067,Candidate Master
77,Codeforces Round 825 (Div. 2),Oct/10/2022 17:35,202,4,17,2084,Candidate Master
78,Educational Codeforces Round 137 (Rated for Div. 2),Oct/17/2022 17:35,43,5,91,2175,Master
79,Codeforces Round 829 (Div. 1),Oct/23/2022 10:50,767,3,-73,2102,Master
80,Codeforces Round 831 (Div. 1 + Div. 2),Oct/29/2022 12:10,290,5,44,2146,Master
81,"Polynomial Round 2022 (Div. 1 + Div. 2, Rated, Prizes!)",Dec/17/2022 17:35,392,5,34,2180,Master
82,Hello 2023,Jan/03/2023 17:35,471,5,31,2211,Master
83,Codeforces Round 854 by cybercats (Div. 1 + Div. 2),Feb/27/2023 17:35,225,6,57,2268,Master
