#,Contest,Start time,Rank,Solved,Rating change,New rating,Title
1,Codeforces Round 556 (Div. 2),Apr/29/2019 17:35,1386,3,15,1515,Specialist
2,Codeforces Round 557 (Div. 2) [based on Forethought Future Cup - Final Round],May/04/2019 20:05,583,3,32,1547,Specialist
3,Codeforces Round 558 (Div. 2),May/09/2019 18:05,1057,3,22,1569,Specialist
4,Codeforces Round 559 (Div. 2),May/12/2019 17:35,891,3,1,1570,Specialist
5,Codeforces Round 560 (Div. 3),May/14/2019 17:35,263,4,60,1630,Expert
6,Educational Codeforces Round 65 (Rated for Div. 2),May/15/2019 17:35,3132,1,-93,1537,Specialist
7,Codeforces Round 561 (Div. 2),May/17/2019 18:05,2067,2,-29,1508,Specialist
8,Codeforces Global Round 3,Jun/01/2019 17:35,1299,3,63,1571,Specialist
9,Codeforces Round 563 (Div. 2),Jun/03/2019 17:05,941,3,43,1614,Expert
10,Educational Codeforces Round 66 (Rated for Div. 2),Jun/05/2019 17:35,941,3,37,1651,Expert
11,Codeforces Round 564 (Div. 2),Jun/07/2019 15:05,601,3,34,1685,Expert
12,Codeforces Round 566 (Div. 2),Jun/11/2019 16:05,2064,2,-48,1637,Expert
13,Codeforces Round 567 (Div. 2),Jun/16/2019 12:35,971,2,15,1652,Expert
14,Codeforces Round 568 (Div. 2),Jun/19/2019 17:45,1915,3,-33,1619,Expert
15,Codeforces Round 569 (Div. 2),Jun/21/2019 20:05,2260,1,-70,1549,Specialist
16,Codeforces Round 570 (Div. 3),Jun/26/2019 17:35,1318,4,-12,1537,Specialist
17,Educational Codeforces Round 67 (Rated for Div. 2),Jun/30/2019 17:45,2294,2,-30,1507,Specialist
18,Codeforces Round 572 (Div. 2),Jul/05/2019 18:05,602,4,78,1585,Specialist
19,Codeforces Round 573 (Div. 2),Jul/12/2019 17:35,988,3,31,1616,Expert
20,Educational Codeforces Round 68 (Rated for Div. 2),Jul/14/2019 17:45,5511,1,-135,1481,Specialist
21,Codeforces Global Round 4,Jul/20/2019 18:35,2527,3,-4,1477,Specialist
22,Educational Codeforces Round 69 (Rated for Div. 2),Jul/22/2019 17:35,3908,2,-57,1420,Specialist
23,Codeforces Round 575 (Div. 3),Jul/24/2019 17:35,735,5,67,1487,Specialist
24,Codeforces Round 576 (Div. 2),Jul/30/2019 17:35,3985,2,-63,1424,Specialist
25,Codeforces Round 577 (Div. 2),Aug/04/2019 19:35,636,3,118,1542,Specialist
26,Educational Codeforces Round 70 (Rated for Div. 2),Aug/07/2019 17:35,819,2,61,1603,Expert
27,Codeforces Round 578 (Div. 2),Aug/11/2019 15:35,1315,3,31,1634,Expert
28,Educational Codeforces Round 71 (Rated for Div. 2),Aug/22/2019 17:35,2450,3,-29,1605,Expert
29,"Manthan, Codefest 19 (open for everyone, rated, Div. 1 + Div. 2)",Aug/25/2019 17:35,2448,2,-7,1598,Specialist
30,Codeforces Round 582 (Div. 3),Aug/30/2019 17:35,1450,4,-18,1580,Specialist
31,"Codeforces Round 583 (Div. 1 + Div. 2, based on Olympiad of Metropolises)",Sep/04/2019 12:05,1055,3,46,1626,Expert
32,Educational Codeforces Round 72 (Rated for Div. 2),Sep/05/2019 17:35,670,3,82,1708,Expert
33,"Codeforces Round 584 - Dasha Code Championship - Elimination Round (rated, open for everyone, Div. 1 + Div. 2)",Sep/14/2019 16:05,2270,3,-29,1679,Expert
34,Codeforces Round 586 (Div. 1 + Div. 2),Sep/18/2019 19:05,785,4,62,1741,Expert
35,Educational Codeforces Round 73 (Rated for Div. 2),Sep/19/2019 17:35,1370,3,-34,1707,Expert
36,Codeforces Round 588 (Div. 2),Sep/23/2019 17:05,889,3,5,1712,Expert
37,Codeforces Round 589 (Div. 2),Sep/29/2019 16:05,1032,3,25,1737,Expert
38,Educational Codeforces Round 74 (Rated for Div. 2),Oct/08/2019 17:35,1849,3,-38,1699,Expert
39,Codeforces Global Round 5,Oct/16/2019 17:35,1143,4,52,1751,Expert
40,Codeforces Round 593 (Div. 2),Oct/17/2019 16:35,771,3,21,1772,Expert
41,Codeforces Round 594 (Div. 2),Oct/20/2019 12:05,684,3,-4,1768,Expert
42,Educational Codeforces Round 75 (Rated for Div. 2),Oct/24/2019 18:05,410,4,51,1819,Expert
43,"Codeforces Round 596 (Div. 2, based on Technocup 2020 Elimination Round 2)",Oct/26/2019 14:05,2676,2,-112,1707,Expert
44,Codeforces Round 597 (Div. 2),Nov/01/2019 17:35,1240,3,4,1711,Expert
45,Codeforces Round 599 (Div. 2),Nov/06/2019 18:05,445,4,46,1757,Expert
46,Educational Codeforces Round 76 (Rated for Div. 2),Nov/13/2019 17:35,383,5,67,1824,Expert
47,Codeforces Round 600 (Div. 2),Nov/16/2019 17:35,2050,3,-66,1758,Expert
48,Codeforces Round 601 (Div. 2),Nov/19/2019 17:35,104,4,107,1865,Expert
49,"Codeforces Round 602 (Div. 2, based on Technocup 2020 Elimination Round 3)",Nov/24/2019 11:05,670,3,-49,1816,Expert
50,Educational Codeforces Round 77 (Rated for Div. 2),Nov/27/2019 16:50,769,3,1,1817,Expert
51,Codeforces Round 603 (Div. 2),Nov/29/2019 17:35,2346,3,-84,1733,Expert
52,Codeforces Round 604 (Div. 2),Dec/05/2019 17:35,501,4,31,1764,Expert
53,"Codeforces Round 606 (Div. 2, based on Technocup 2020 Elimination Round 4)",Dec/14/2019 14:05,833,3,-23,1741,Expert
54,Codeforces Round 607 (Div. 2),Dec/15/2019 08:05,47,4,131,1872,Expert
55,Codeforces Round 608 (Div. 2),Dec/15/2019 12:15,687,3,-13,1859,Expert
56,Codeforces Global Round 6,Dec/17/2019 18:05,766,4,35,1894,Expert
57,Educational Codeforces Round 78 (Rated for Div. 2),Dec/19/2019 17:35,575,3,0,1894,Expert
58,Codeforces Round 609 (Div. 2),Dec/21/2019 14:05,333,3,7,1901,Candidate Master
59,Codeforces Round 610 (Div. 2),Dec/24/2019 17:35,1995,2,-90,1811,Expert
60,Educational Codeforces Round 79 (Rated for Div. 2),Dec/27/2019 17:40,1173,4,-21,1790,Expert
61,Good Bye 2019,Dec/29/2019 17:05,2398,3,-35,1755,Expert
62,Hello 2020,Jan/04/2020 15:05,1387,3,37,1792,Expert
63,Codeforces Round 612 (Div. 2),Jan/05/2020 17:05,1158,2,-31,1761,Expert
64,Codeforces Round 613 (Div. 2),Jan/10/2020 17:05,918,3,12,1773,Expert
65,Educational Codeforces Round 80 (Rated for Div. 2),Jan/14/2020 17:35,397,4,57,1830,Expert
66,Codeforces Round 614 (Div. 2),Jan/19/2020 16:35,706,3,-4,1826,Expert
67,Educational Codeforces Round 81 (Rated for Div. 2),Jan/29/2020 17:35,1478,3,-26,1800,Expert
68,Codeforces Round 616 (Div. 2),Feb/02/2020 17:05,151,4,95,1895,Expert
69,Codeforces Round 618 (Div. 2),Feb/09/2020 17:05,498,4,5,1900,Candidate Master
70,Educational Codeforces Round 82 (Rated for Div. 2),Feb/12/2020 17:35,311,4,56,1956,Candidate Master
71,Codeforces Round 619 (Div. 2),Feb/13/2020 17:35,83,4,106,2062,Candidate Master
72,Codeforces Round 620 (Div. 2),Feb/15/2020 16:05,1192,4,-66,1996,Candidate Master
73,Codeforces Round 621 (Div. 1 + Div. 2),Feb/17/2020 18:35,977,4,-11,1985,Candidate Master
74,Codeforces Round 622 (Div. 2),Feb/23/2020 12:05,1520,3,-75,1910,Candidate Master
75,"Codeforces Round 623 (Div. 1, based on VK Cup 2019-2020 - Elimination Round, Engine)",Feb/23/2020 19:05,485,1,-53,1857,Expert
76,"Ozon Tech Challenge 2020 (Div.1 + Div.2, Rated, T-shirts + prizes!)",Mar/03/2020 17:35,899,4,44,1901,Candidate Master
77,CodeCraft-20 (Div. 2),Mar/04/2020 17:35,384,4,31,1932,Candidate Master
78,Educational Codeforces Round 83 (Rated for Div. 2),Mar/09/2020 17:35,594,4,2,1934,Candidate Master
79,Codeforces Round 628 (Div. 2),Mar/14/2020 17:35,761,4,-4,1930,Candidate Master
80,Codeforces Global Round 7,Mar/19/2020 17:35,2264,4,-40,1890,Expert
81,Educational Codeforces Round 84 (Rated for Div. 2),Mar/23/2020 17:35,584,4,42,1932,Candidate Master
82,Codeforces Round 630 (Div. 2),Mar/31/2020 16:35,156,5,105,2037,Candidate Master
83,"Codeforces Round 631 (Div. 1) - Thanks, Denis aramis Shitov!",Apr/03/2020 17:35,716,2,4,2041,Candidate Master
84,Codeforces Round 632 (Div. 2),Apr/08/2020 17:35,1574,3,-51,1990,Candidate Master
85,Codeforces Round 633 (Div. 1),Apr/12/2020 17:05,1124,2,-52,1938,Candidate Master
86,Codeforces Round 635 (Div. 1),Apr/15/2020 17:35,1106,2,-33,1905,Candidate Master
87,Educational Codeforces Round 86 (Rated for Div. 2),Apr/26/2020 17:35,4808,2,-90,1815,Expert
88,Codeforces Round 638 (Div. 2),May/01/2020 17:35,502,4,78,1893,Expert
89,Codeforces Round 641 (Div. 2),May/12/2020 15:35,677,3,8,1901,Candidate Master
90,Codeforces Round 643 (Div. 2),May/16/2020 14:35,5150,2,-103,1798,Expert
91,Educational Codeforces Round 88 (Rated for Div. 2),May/28/2020 17:35,824,4,45,1843,Expert
92,Codeforces Round 646 (Div. 2),May/31/2020 17:35,642,4,57,1900,Candidate Master
93,Codeforces Round 654 (Div. 2),Jul/01/2020 16:35,1090,4,-9,1891,Expert
94,Codeforces Global Round 9,Jul/04/2020 17:45,660,4,100,1991,Candidate Master
95,Codeforces Round 665 (Div. 2),Aug/21/2020 17:35,695,4,-7,1984,Candidate Master
96,Educational Codeforces Round 94 (Rated for Div. 2),Aug/25/2020 17:35,778,4,-12,1972,Candidate Master
97,Codeforces Round 666 (Div. 1),Aug/30/2020 17:35,928,2,-24,1948,Candidate Master
98,Codeforces Round 668 (Div. 1),Sep/06/2020 17:35,987,2,-49,1899,Expert
99,Codeforces Round 669 (Div. 2),Sep/08/2020 17:35,586,3,34,1933,Candidate Master
100,Codeforces Round 670 (Div. 2),Sep/12/2020 16:45,3445,2,-103,1830,Expert
101,Codeforces Round 671 (Div. 2),Sep/19/2020 17:35,61,6,168,1998,Candidate Master
102,Codeforces Round 672 (Div. 2),Sep/24/2020 17:35,380,5,23,2021,Candidate Master
103,Codeforces Round 673 (Div. 1),Sep/27/2020 18:05,712,2,-26,1995,Candidate Master
104,Grakn Forces 2020,Sep/30/2020 17:35,3166,2,-116,1879,Expert
105,Codeforces Round 675 (Div. 2),Oct/04/2020 19:05,114,4,106,1985,Candidate Master
106,Codeforces Global Round 11,Oct/10/2020 17:50,175,5,165,2150,Master
107,Codeforces Raif Round 1 (Div. 1 + Div. 2),Oct/17/2020 16:05,1015,4,-32,2118,Master
108,Good Bye 2022: 2023 is NEAR,Dec/30/2022 17:35,668,4,31,2149,Master
