#,Contest,Start time,Rank,Solved,Rating change,New rating,Title
1,Codeforces Round 254 (Div. 2),Jul/06/2014 17:05,725,2,14,1514,Specialist
2,Codeforces Round 258 (Div. 2),Jul/24/2014 19:30,1117,2,-66,1448,Specialist
3,Codeforces Round 260 (Div. 2),Aug/08/2014 19:30,1259,2,-59,1389,Pupil
4,Codeforces Round 261 (Div. 2),Aug/15/2014 19:30,752,2,141,1530,Specialist
5,Codeforces Round 262 (Div. 2),Aug/20/2014 19:30,1160,1,-76,1454,Specialist
6,Codeforces Round 263 (Div. 2),Aug/26/2014 18:00,923,3,16,1470,Specialist
7,Codeforces Round 264 (Div. 2),Aug/30/2014 11:30,895,2,-38,1432,Specialist
8,Codeforces Round 267 (Div. 2),Sep/18/2014 19:30,1285,2,-35,1397,Pupil
9,Codeforces Round 268 (Div. 2),Sep/20/2014 17:00,1555,1,-68,1329,Pupil
10,Codeforces Round 269 (Div. 2),Sep/26/2014 19:30,154,3,304,1633,Expert
11,Bayan 2015 Contest Warm Up,Oct/05/2014 17:00,331,3,234,1867,Expert
12,Codeforces Round 272 (Div. 1),Oct/12/2014 18:00,792,0,-98,1769,Expert
13,Codeforces Round 274 (Div. 1),Oct/19/2014 13:00,782,0,-87,1682,Expert
14,Codeforces Round 275 (Div. 2),Oct/24/2014 21:00,215,3,4,1686,Expert
15,Codeforces Round 277.5 (Div. 2),Nov/17/2014 18:35,869,2,-96,1590,Specialist
16,Codeforces Round 278 (Div. 2),Nov/21/2014 20:20,934,1,-96,1494,Specialist
17,Codeforces Round 279 (Div. 2),Nov/23/2014 12:10,125,3,176,1670,Expert
18,Codeforces Round 280 (Div. 2),Dec/01/2014 19:30,465,3,-66,1604,Expert
19,Codeforces Round 281 (Div. 2),Dec/03/2014 18:00,245,3,58,1662,Expert
20,Codeforces Round 282 (Div. 2),Dec/13/2014 19:30,49,3,87,1749,Expert
21,Codeforces Round 283 (Div. 1),Dec/17/2014 19:30,634,1,-46,1703,Expert
22,Good Bye 2014,Dec/30/2014 18:00,1568,2,-47,1656,Expert
23,Codeforces Round 287 (Div. 2),Jan/23/2015 19:00,703,2,-81,1575,Specialist
24,Codeforces Round 288 (Div. 2),Jan/27/2015 19:30,622,2,-26,1549,Specialist
25,"Codeforces Round 289 (Div. 2, ACM ICPC Rules)",Jan/31/2015 15:00,283,2,102,1651,Expert
26,Codeforces Round 290 (Div. 2),Feb/02/2015 19:30,51,3,105,1756,Expert
27,Rockethon 2015,Feb/07/2015 20:00,784,4,82,1838,Expert
28,Codeforces Round 292 (Div. 1),Feb/17/2015 19:35,680,1,-48,1790,Expert
29,Codeforces Round 296 (Div. 1),Mar/17/2015 19:45,743,1,-66,1724,Expert
30,VK Cup 2015 - Round 1,Mar/21/2015 17:00,281,2,46,1770,Expert
31,ZeptoLab Code Rush 2015,Apr/04/2015 19:35,1261,2,-59,1711,Expert
32,VK Cup 2015 - Round 2,Apr/17/2015 19:00,265,2,-15,1696,Expert
33,Codeforces Round 301 (Div. 2),Apr/30/2015 19:30,371,2,-62,1634,Expert
34,Codeforces Round 302 (Div. 2),May/07/2015 19:30,10,3,124,1758,Expert
35,Codeforces Round 305 (Div. 1),May/26/2015 19:35,632,0,-67,1691,Expert
36,Codeforces Round 306 (Div. 2),Jun/04/2015 19:30,574,2,-61,1630,Expert
37,Codeforces Round 307 (Div. 2),Jun/12/2015 19:45,11,3,121,1751,Expert
38,Codeforces Round 309 (Div. 1),Jun/24/2015 19:30,349,2,73,1824,Expert
39,Codeforces Round 310 (Div. 1),Jun/27/2015 17:10,911,1,-81,1743,Expert
40,Codeforces Round 313 (Div. 1),Jul/22/2015 17:00,1059,0,-93,1650,Expert
41,"VK Cup 2015 - Finals, online mirror",Jul/30/2015 19:20,330,1,13,1663,Expert
42,Codeforces Round #Pi (Div. 2),Aug/05/2015 19:00,11,4,92,1755,Expert
43,Codeforces Round 315 (Div. 1),Aug/10/2015 19:30,328,2,107,1862,Expert
44,Codeforces Round 318 [RussianCodeCup Thanks-Round] (Div. 1),Aug/29/2015 19:30,493,2,21,1883,Expert
45,Codeforces Round 319 (Div. 1),Sep/10/2015 19:30,249,2,113,1996,Candidate Master
46,Codeforces Round 320 (Div. 1) [Bayan Thanks-Round],Sep/16/2015 18:15,592,1,-83,1913,Candidate Master
47,Codeforces Round 323 (Div. 1),Oct/03/2015 19:45,420,1,-32,1881,Expert
48,Codeforces Round 324 (Div. 2),Oct/06/2015 19:30,108,4,31,1912,Candidate Master
49,Codeforces Round 325 (Div. 1),Oct/12/2015 12:10,314,1,-25,1887,Expert
50,Codeforces Round 327 (Div. 2),Oct/25/2015 12:00,658,3,-50,1837,Expert
51,Codeforces Round 328 (Div. 2),Oct/31/2015 19:30,744,2,-40,1797,Expert
52,Codeforces Round 329 (Div. 2),Nov/04/2015 19:45,1019,1,-53,1744,Expert
53,Codeforces Round 331 (Div. 2),Nov/15/2015 19:35,61,3,109,1853,Expert
54,Codeforces Round 332 (Div. 2),Nov/20/2015 19:35,85,4,63,1916,Candidate Master
55,Codeforces Round 333 (Div. 1),Nov/24/2015 19:35,352,1,-39,1877,Expert
56,Codeforces Round 335 (Div. 2),Dec/09/2015 19:05,345,3,-8,1869,Expert
57,Codeforces Round 339 (Div. 2),Jan/14/2016 19:35,699,1,-27,1842,Expert
58,Wunder Fund Round 2016 (Div. 1 + Div. 2 combined),Jan/29/2016 20:10,545,3,35,1877,Expert
59,Codeforces Round 341 (Div. 2),Jan/31/2016 17:05,68,4,80,1957,Candidate Master
60,AIM Tech Round (Div. 1),Feb/04/2016 20:05,134,2,111,2068,Candidate Master
61,8VC Venture Cup 2016 - Elimination Round,Feb/13/2016 20:35,914,3,-81,1987,Candidate Master
62,VK Cup 2016 - Round 1,Mar/28/2016 19:35,616,1,-107,1880,Expert
63,Codeforces Round 352 (Div. 2),May/11/2016 19:35,1239,2,-99,1781,Expert
64,Codeforces Round 353 (Div. 2),May/16/2016 19:35,219,3,41,1822,Expert
65,Codeforces Round 354 (Div. 2),May/25/2016 18:05,157,4,44,1866,Expert
66,Codeforces Round 355 (Div. 2),Jun/01/2016 19:35,66,3,73,1939,Candidate Master
67,Codeforces Round 356 (Div. 1),Jun/08/2016 19:35,438,1,-37,1902,Candidate Master
68,Codeforces Round 359 (Div. 1),Jun/23/2016 19:35,161,2,84,1986,Candidate Master
69,Codeforces Round 366 (Div. 1),Aug/07/2016 17:05,449,1,-57,1929,Candidate Master
70,AIM Tech Round 3 (Div. 1),Aug/24/2016 19:35,126,3,126,2055,Candidate Master
71,Codeforces Round 371 (Div. 1),Sep/13/2016 19:35,333,1,-27,2028,Candidate Master
72,"Intel Code Challenge Elimination Round (Div. 1 + Div. 2, combined)",Oct/01/2016 17:05,488,4,4,2032,Candidate Master
73,"Intel Code Challenge Final Round (Div. 1 + Div. 2, Combined)",Oct/08/2016 15:15,978,2,-72,1960,Candidate Master
74,Canada Cup 2016,Oct/22/2016 18:05,785,3,-31,1929,Candidate Master
75,Codeforces Round 381 (Div. 1),Nov/23/2016 19:35,193,2,67,1996,Candidate Master
76,Codeforces Round 382 (Div. 1),Nov/27/2016 19:35,105,2,105,2101,Master
77,Codeforces Round 383 (Div. 1),Dec/06/2016 17:35,350,2,-46,2055,Candidate Master
78,Codeforces Round 385 (Div. 1),Dec/17/2016 19:35,156,2,54,2109,Master
79,Good Bye 2016,Dec/30/2016 17:15,571,4,-3,2106,Master
80,"Codecraft-17 and Codeforces Round 391 (Div. 1 + Div. 2, combined)",Jan/12/2017 18:35,91,4,105,2211,Master
81,8VC Venture Cup 2017 - Elimination Round,Jan/15/2017 20:05,737,3,-83,2128,Master
82,Codeforces Round 393 (Div. 1) (8VC Venture Cup 2017 - Final Round Div. 1 Edition),Jan/22/2017 21:15,100,3,23,2151,Master
83,Codeforces Round 395 (Div. 1),Feb/02/2017 16:35,120,2,59,2210,Master
84,Codeforces Round 397 by Kaspersky Lab and Barcelona Bootcamp (Div. 1 + Div. 2 combined),Feb/14/2017 11:05,340,4,-29,2181,Master
85,"Divide by Zero 2017 and Codeforces Round 399 (Div. 1 + Div. 2, combined)",Feb/20/2017 19:05,670,3,-63,2118,Master
86,Codeforces Round 402 (Div. 1),Feb/26/2017 11:05,200,2,-10,2108,Master
87,"Codeforces Round 403 (Div. 1, based on Technocup 2017 Finals)",Mar/05/2017 16:05,267,3,-21,2087,Candidate Master
88,VK Cup 2017 - Round 1,Mar/18/2017 18:35,13,4,158,2245,Master
89,Codeforces Round 407 (Div. 1),Mar/29/2017 19:05,286,1,-67,2178,Master
90,"Codeforces Round 412 (rated, Div. 1, based on VK Cup 2017 Round 3)",May/07/2017 18:45,266,1,-62,2116,Master
91,"Playrix Codescapes Cup (Codeforces Round 413, rated, Div. 1 + Div. 2)",May/11/2017 18:35,365,3,-5,2111,Master
92,"Tinkoff Challenge - Final Round (Codeforces Round 414, rated, Div. 1 + Div. 2)",May/13/2017 12:35,254,3,5,2116,Master
93,Codeforces Round 415 (Div. 1),May/20/2017 21:05,149,2,16,2132,Master
94,"Codeforces Round 423 (Div. 1, rated, based on VK Cup Finals)",Jul/11/2017 19:45,270,2,-37,2095,Candidate Master
95,"Codeforces Round 424 (Div. 1, rated, based on VK Cup Finals)",Jul/13/2017 18:05,42,3,152,2247,Master
96,Codeforces Round 426 (Div. 1),Jul/30/2017 17:35,347,1,-79,2168,Master
97,Codeforces Round 429 (Div. 1),Aug/18/2017 18:05,88,3,72,2240,Master
98,AIM Tech Round 4 (Div. 1),Aug/24/2017 19:35,94,2,56,2296,Master
99,Codeforces Round 431 (Div. 1),Sep/01/2017 16:35,176,2,-15,2281,Master
100,"Codeforces Round 432 (Div. 1, based on IndiaHacks Final Round 2017)",Sep/04/2017 17:35,288,1,-90,2191,Master
101,MemSQL Start[c]UP 3.0 - Round 1,Sep/16/2017 20:35,168,5,25,2216,Master
102,"Manthan, Codefest 17",Sep/24/2017 17:35,91,4,55,2271,Master
103,Codeforces Round 438 by Sberbank and Barcelona Bootcamp (Div. 1 + Div. 2 combined),Oct/05/2017 10:05,86,4,36,2307,International Master
104,Codeforces Round 449 (Div. 1),Dec/02/2017 17:05,55,2,26,2333,International Master
105,"Codeforces Round 454 (Div. 1, based on Technocup 2018 Elimination Round 4)",Dec/23/2017 17:05,55,3,60,2393,International Master
106,Good Bye 2017,Dec/29/2017 18:40,221,4,-16,2377,International Master
107,Hello 2018,Jan/08/2018 17:45,468,4,-67,2310,International Master
108,"Codecraft-18 and Codeforces Round 458 (Div. 1 + Div. 2, combined)",Jan/20/2018 18:35,28,6,127,2437,Grandmaster
109,Codeforces Round 616 (Div. 1),Feb/02/2020 17:05,543,2,-105,2332,International Master
110,"Codeforces Round 623 (Div. 1, based on VK Cup 2019-2020 - Elimination Round, Engine)",Feb/23/2020 19:05,93,2,40,2372,International Master
111,"Codeforces Round 625 (Div. 1, based on Technocup 2020 Final Round)",Mar/01/2020 16:15,303,3,-26,2346,International Master
112,"Codeforces Round 626 (Div. 1, based on Moscow Open Olympiad in Informatics)",Mar/07/2020 12:35,189,3,10,2356,International Master
113,"Codeforces Round 631 (Div. 1) - Thanks, Denis aramis Shitov!",Apr/03/2020 17:35,543,2,-45,2311,International Master
114,Codeforces Round 633 (Div. 1),Apr/12/2020 17:05,906,2,-86,2225,Master
115,Codeforces Round 641 (Div. 1),May/12/2020 15:35,427,3,6,2231,Master
116,"CodeTON Round 3 (Div. 1 + Div. 2, Rated, Prizes!)",Nov/06/2022 17:35,1399,4,-101,2130,Master
