#,Contest,Start time,Rank,Solved,Rating change,New rating,Title
1,Codeforces Round 767 (Div. 2),Jan/22/2022 17:35,963,4,608,608,Newbie
2,Codeforces Round 771 (Div. 2),Feb/14/2022 17:35,247,4,528,1136,Newbie
3,Codeforces Round 773 (Div. 2),Feb/23/2022 13:10,93,4,385,1521,Specialist
4,"Codeforces Round 775 (Div. 2, based on Moscow Open Olympiad in Informatics)",Mar/06/2022 12:55,273,4,190,1711,Expert
5,"Codeforces Round 778 (Div. 1 + Div. 2, based on Technocup 2022 Final Round)",Mar/20/2022 14:35,522,4,185,1896,Expert
6,Pinely Round 1 (Div. 1 + Div. 2),Nov/20/2022 17:35,115,5,236,2132,Master
7,"Codeforces Round 844 (Div. 1 + Div. 2, based on VK Cup 2022 - Elimination Round)",Jan/15/2023 15:05,397,5,39,2171,Master
8,"Codeforces Round 850 (Div. 1, based on VK Cup 2022 - Final Round)",Feb/05/2023 15:05,172,4,102,2273,Master
9,Codeforces Round 854 by cybercats (Div. 1 + Div. 2),Feb/27/2023 17:35,134,7,86,2359,International Master
