#,Contest,Start time,Rank,Solved,Rating change,New rating,Title
1,Codeforces Round 781 (Div. 2),Apr/08/2022 17:35,574,3,636,636,Newbie
2,Codeforces Round 791 (Div. 2),May/14/2022 12:35,492,4,452,1088,Newbie
3,Codeforces Round 792 (Div. 1 + Div. 2),May/19/2022 17:35,957,4,334,1422,Specialist
4,Codeforces Global Round 21,Jun/25/2022 17:35,830,5,240,1662,Expert
5,Codeforces Round 804 (Div. 2),Jul/04/2022 17:35,28,4,298,1960,Candidate Master
6,Codeforces Round 822 (Div. 2),Sep/23/2022 15:05,271,5,65,2025,Candidate Master
7,Educational Codeforces Round 138 (Rated for Div. 2),Oct/20/2022 17:35,1122,3,-72,1953,Candidate Master
8,Codeforces Round 833 (Div. 2),Nov/12/2022 17:35,66,5,103,2056,Candidate Master
9,Codeforces Round 836 (Div. 2),Nov/25/2022 18:35,40,5,99,2155,Master
