#,Contest,Start time,Rank,Solved,Rating change,New rating,Title
1,Codeforces Round 838 (Div. 2),Dec/15/2022 17:35,26,4,830,830,Newbie
2,Educational Codeforces Round 140 (Rated for Div. 2),Dec/16/2022 17:35,3,5,696,1526,Specialist
3,"Polynomial Round 2022 (Div. 1 + Div. 2, Rated, Prizes!)",Dec/17/2022 17:35,389,4,304,1830,Expert
4,Codeforces Round 841 (Div. 2) and Divide by Zero 2022,Dec/27/2022 17:35,2,6,400,2230,Master
5,Good Bye 2022: 2023 is NEAR,Dec/30/2022 17:35,403,4,105,2335,International Master
6,Hello 2023,Jan/03/2023 17:35,225,6,87,2422,Grandmaster
7,"Codeforces Round 844 (Div. 1 + Div. 2, based on VK Cup 2022 - Elimination Round)",Jan/15/2023 15:05,486,5,-52,2370,International Master
8,"TypeDB Forces 2023 (Div. 1 + Div. 2, Rated, Prizes!)",Jan/29/2023 17:35,382,5,-10,2360,International Master
9,"Codeforces Round 850 (Div. 1, based on VK Cup 2022 - Final Round)",Feb/05/2023 15:05,218,4,26,2386,International Master
