#,Contest,Start time,Rank,Solved,Rating change,New rating,Title
1,Good Bye 2013,Dec/30/2013 19:30,2286,1,-116,1384,Pupil
2,Codeforces Round 238 (Div. 2),Mar/22/2014 19:30,1709,1,-92,1292,Pupil
3,Codeforces Round 239 (Div. 2),Mar/30/2014 11:00,611,2,52,1344,Pupil
4,Codeforces Round 243 (Div. 2),Apr/27/2014 19:30,823,2,9,1353,Pupil
5,Codeforces Round 253 (Div. 2),Jun/19/2014 19:30,685,2,65,1418,Specialist
6,Codeforces Round #FF (Div. 2),Jul/13/2014 17:00,316,2,171,1589,Specialist
7,Codeforces Round 257 (Div. 2),Jul/19/2014 17:00,1981,1,-98,1491,Specialist
8,Codeforces Round 260 (Div. 2),Aug/08/2014 19:30,236,3,175,1666,Expert
9,Codeforces Round 263 (Div. 2),Aug/26/2014 18:00,495,3,-61,1605,Expert
10,Codeforces Round 265 (Div. 2),Sep/07/2014 19:30,748,2,-68,1537,Specialist
11,Codeforces Round 267 (Div. 2),Sep/18/2014 19:30,1091,2,-70,1467,Specialist
12,Codeforces Round 268 (Div. 2),Sep/20/2014 17:00,288,3,177,1644,Expert
13,Codeforces Round 270,Sep/28/2014 19:35,1700,3,-86,1558,Specialist
14,Codeforces Round 271 (Div. 2),Oct/06/2014 19:30,354,3,74,1632,Expert
15,Codeforces Round 272 (Div. 2),Oct/12/2014 18:00,879,2,-87,1545,Specialist
16,Codeforces Round 273 (Div. 2),Oct/16/2014 19:40,614,2,22,1567,Specialist
17,Codeforces Round 274 (Div. 2),Oct/19/2014 13:00,606,2,-38,1529,Specialist
18,Codeforces Round 277 (Div. 2),Nov/11/2014 18:00,40,3,203,1732,Expert
19,Codeforces Round 309 (Div. 1),Jun/24/2015 19:30,475,1,16,1748,Expert
20,Codeforces Round 310 (Div. 1),Jun/27/2015 17:10,557,2,56,1804,Expert
21,Codeforces Round 313 (Div. 1),Jul/22/2015 17:00,139,3,220,2024,Candidate Master
22,Codeforces Round 359 (Div. 1),Jun/23/2016 19:35,192,2,27,2051,Candidate Master
23,Codeforces Round 360 (Div. 1),Jun/29/2016 20:05,153,3,55,2106,Master
24,Codeforces Round 363 (Div. 1),Jul/19/2016 16:05,398,2,-59,2047,Candidate Master
25,Codeforces Round 364 (Div. 1),Jul/22/2016 19:35,159,2,24,2071,Candidate Master
26,Codeforces Round 366 (Div. 1),Aug/07/2016 17:05,340,1,-35,2036,Candidate Master
27,"Intel Code Challenge Final Round (Div. 1 + Div. 2, Combined)",Oct/08/2016 15:15,567,3,-25,2011,Candidate Master
28,"Codeforces Round 380 (Div. 1, Rated, Based on Technocup 2017 - Elimination Round 2)",Nov/20/2016 12:05,161,3,41,2052,Candidate Master
29,Codeforces Round 382 (Div. 1),Nov/27/2016 19:35,267,2,0,2052,Candidate Master
30,Codeforces Round 383 (Div. 1),Dec/06/2016 17:35,161,2,45,2097,Candidate Master
31,Good Bye 2016,Dec/30/2016 17:15,355,4,36,2133,Master
32,Codeforces Round 395 (Div. 1),Feb/02/2017 16:35,389,1,-58,2075,Candidate Master
33,Codeforces Round 397 by Kaspersky Lab and Barcelona Bootcamp (Div. 1 + Div. 2 combined),Feb/14/2017 11:05,103,5,97,2172,Master
34,"Divide by Zero 2017 and Codeforces Round 399 (Div. 1 + Div. 2, combined)",Feb/20/2017 19:05,244,4,15,2187,Master
35,"ICM Technex 2017 and Codeforces Round 400 (Div. 1 + Div. 2, combined)",Feb/23/2017 17:45,111,5,71,2258,Master
36,"Codeforces Round 403 (Div. 1, based on Technocup 2017 Finals)",Mar/05/2017 16:05,212,3,-34,2224,Master
37,"Codeforces Round 405 (rated, Div. 1, based on VK Cup 2017 Round 1)",Mar/18/2017 18:35,113,2,16,2240,Master
38,Codeforces Round 406 (Div. 1),Mar/23/2017 18:05,251,1,-73,2167,Master
39,Codeforces Round 407 (Div. 1),Mar/29/2017 19:05,166,2,11,2178,Master
40,"Codeforces Round 409 (rated, Div. 1, based on VK Cup 2017 Round 2)",Apr/16/2017 18:35,53,3,79,2257,Master
41,Tinkoff Challenge - Elimination Round,Apr/23/2017 19:45,255,3,-22,2235,Master
42,"Codeforces Round 412 (rated, Div. 1, based on VK Cup 2017 Round 3)",May/07/2017 18:45,310,1,-94,2141,Master
43,"Playrix Codescapes Cup (Codeforces Round 413, rated, Div. 1 + Div. 2)",May/11/2017 18:35,163,4,54,2195,Master
44,Codeforces Round 415 (Div. 1),May/20/2017 21:05,186,1,-36,2159,Master
45,Codeforces Round 419 (Div. 1),Jun/17/2017 17:35,74,3,104,2263,Master
46,Codeforces Round 429 (Div. 1),Aug/18/2017 18:05,79,3,54,2317,International Master
47,AIM Tech Round 4 (Div. 1),Aug/24/2017 19:35,337,1,-88,2229,Master
48,Codeforces Round 431 (Div. 1),Sep/01/2017 16:35,227,2,-19,2210,Master
49,"Codeforces Round 432 (Div. 1, based on IndiaHacks Final Round 2017)",Sep/04/2017 17:35,69,3,58,2268,Master
50,"Manthan, Codefest 17",Sep/24/2017 17:35,162,4,-1,2267,Master
51,MemSQL Start[c]UP 3.0 - Round 2 and Codeforces Round 437 (Div. 1),Sep/30/2017 20:05,149,2,-12,2255,Master
52,Codeforces Round 438 by Sberbank and Barcelona Bootcamp (Div. 1 + Div. 2 combined),Oct/05/2017 10:05,149,4,0,2255,Master
53,"Codeforces Round 441 (Div. 1, by Moscow Team Olympiad)",Oct/16/2017 14:05,235,3,-60,2195,Master
54,Codeforces Round 443 (Div. 1),Oct/26/2017 17:45,50,2,94,2289,Master
55,Codeforces Round 449 (Div. 1),Dec/02/2017 17:05,122,2,-3,2286,Master
56,Codeforces Round 453 (Div. 1),Dec/19/2017 18:35,133,2,-15,2271,Master
57,"Codeforces Round 454 (Div. 1, based on Technocup 2018 Elimination Round 4)",Dec/23/2017 17:05,141,2,2,2273,Master
58,Good Bye 2017,Dec/29/2017 18:40,433,4,-31,2242,Master
59,Hello 2018,Jan/08/2018 17:45,77,5,94,2336,International Master
60,"Codecraft-18 and Codeforces Round 458 (Div. 1 + Div. 2, combined)",Jan/20/2018 18:35,23,6,134,2470,Grandmaster
61,"Divide by Zero 2018 and Codeforces Round 474 (Div. 1 + Div. 2, combined)",Apr/07/2018 19:05,34,6,56,2526,Grandmaster
62,"Codeforces Round 477 (rated, Div. 1, based on VK Cup 2018 Round 3)",Apr/29/2018 16:15,125,3,-59,2467,Grandmaster
63,"Codeforces Round 483 (Div. 1) [Thanks, Botan Investments and Victor Shaburov!]",May/15/2018 17:45,207,2,-74,2393,International Master
64,Avito Code Challenge 2018,May/27/2018 17:50,55,6,60,2453,Grandmaster
65,Codeforces Round 485 (Div. 1),May/29/2018 18:35,123,2,-25,2428,Grandmaster
66,Codeforces Round 497 (Div. 1),Jul/13/2018 17:35,180,1,-66,2362,International Master
67,Codeforces Round 499 (Div. 1),Jul/26/2018 18:05,187,4,-31,2331,International Master
68,Codeforces Round 500 (Div. 1) [based on EJOI],Jul/30/2018 11:15,49,3,63,2394,International Master
69,"Codeforces Round 503 (by SIS, Div. 1)",Aug/11/2018 16:35,193,2,-46,2348,International Master
70,"Codeforces Round 504 (rated, Div. 1 + Div. 2, based on VK Cup 2018 Final)",Aug/17/2018 17:35,33,6,105,2453,Grandmaster
71,"Codeforces Round 505 (rated, Div. 1 + Div. 2, based on VK Cup 2018 Final)",Aug/19/2018 16:35,404,3,-81,2372,International Master
72,"AIM Tech Round 5 (rated, Div. 1 + Div. 2)",Aug/27/2018 19:35,29,6,116,2488,Grandmaster
73,"Codeforces Round 513 by Barcelona Bootcamp (rated, Div. 1 + Div. 2)",Oct/04/2018 10:05,17,6,106,2594,Grandmaster
74,Codeforces Round 519 by Botan Investments,Oct/28/2018 18:35,224,5,-70,2524,Grandmaster
75,Mail.Ru Cup 2018 Round 3,Nov/25/2018 19:35,169,5,-53,2471,Grandmaster
76,Good Bye 2018,Dec/30/2018 17:35,1151,4,-127,2344,International Master
77,Hello 2019,Jan/04/2019 17:45,138,5,45,2389,International Master
78,Codeforces Global Round 1,Feb/07/2019 16:35,242,5,-3,2386,International Master
79,Codeforces Round 539 (Div. 1),Feb/16/2019 19:35,61,3,35,2421,Grandmaster
80,Codeforces Round 542 [Alex Lopashev Thanks-Round] (Div. 1),Feb/24/2019 18:35,93,4,-9,2412,Grandmaster
81,Codeforces Round 545 (Div. 1),Mar/08/2019 12:05,117,3,-15,2397,International Master
82,Codeforces Round 549 (Div. 1),Mar/30/2019 20:10,42,3,55,2452,Grandmaster
83,Forethought Future Cup - Elimination Round,Apr/20/2019 21:05,457,3,-116,2336,International Master
84,Codeforces Round 557 (Div. 1) [based on Forethought Future Cup - Final Round],May/04/2019 20:05,73,4,39,2375,International Master
85,Codeforces Round 559 (Div. 1),May/12/2019 17:35,97,3,6,2381,International Master
86,Codeforces Round 562 (Div. 1),May/26/2019 18:35,199,2,-48,2333,International Master
87,Codeforces Global Round 3,Jun/01/2019 17:35,222,5,3,2336,International Master
88,Codeforces Round 564 (Div. 1),Jun/07/2019 15:05,121,3,15,2351,International Master
89,Codeforces Round 569 (Div. 1),Jun/21/2019 20:05,38,4,94,2445,Grandmaster
90,Codeforces Round 572 (Div. 1),Jul/05/2019 18:05,106,2,-1,2444,Grandmaster
91,Codeforces Round 573 (Div. 1),Jul/12/2019 17:35,5,5,219,2663,International Grandmaster
92,Hello 2020,Jan/04/2020 15:05,128,5,-11,2652,International Grandmaster
93,Codeforces Round 633 (Div. 1),Apr/12/2020 17:05,77,4,21,2673,International Grandmaster
94,Codeforces Round 659 (Div. 1),Jul/24/2020 17:35,94,3,2,2675,International Grandmaster
95,Codeforces Round 691 (Div. 1),Dec/19/2020 12:35,135,2,-41,2634,International Grandmaster
96,Good Bye 2020,Dec/30/2020 17:35,385,6,-57,2577,Grandmaster
97,Codeforces Round 698 (Div. 1),Jan/28/2021 17:35,335,3,-84,2493,Grandmaster
98,Codeforces Global Round 13,Feb/28/2021 16:35,93,6,76,2569,Grandmaster
99,"Codeforces Round 709 (Div. 1, based on Technocup 2021 Final Round)",Mar/21/2021 16:20,313,3,-67,2502,Grandmaster
100,Dytechlab Cup 2022,Oct/07/2022 17:35,630,3,-96,2406,Grandmaster
101,Codeforces Global Round 23,Oct/15/2022 17:35,472,4,-27,2379,International Master
102,Codeforces Round 829 (Div. 1),Oct/23/2022 10:50,211,5,18,2397,International Master
103,Codeforces Round 831 (Div. 1 + Div. 2),Oct/29/2022 12:10,34,6,122,2519,Grandmaster
