#,Contest,Start time,Rank,Solved,Rating change,New rating,Title
1,Codeforces Beta Round 30 (Codeforces format),Sep/24/2010 19:00,325,1,-76,1424,Specialist
2,Codeforces Beta Round 35 (Div. 2),Oct/19/2010 11:00,58,3,58,1482,Specialist
3,Codeforces Beta Round 39,Nov/05/2010 19:00,58,2,160,1642,Expert
4,Codeforces Beta Round 41,Nov/18/2010 19:00,17,3,196,1838,Expert
5,School Personal Contest #2 (Winter Computer School 2010/11) - Codeforces Beta Round 43 (ACM-ICPC Rules),Dec/05/2010 11:00,247,3,-116,1722,Expert
6,Codeforces Beta Round 48,Dec/28/2010 19:00,158,2,22,1744,Expert
7,Codeforces Beta Round 53,Jan/25/2011 19:00,61,3,142,1886,Expert
8,Manthan 2011,Mar/13/2011 19:30,122,2,31,1917,Candidate Master
9,Yandex.Algorithm 2011: Qualification 2,May/06/2011 19:00,82,4,140,2057,Candidate Master
10,Yandex.Algorithm 2011: Round 1,May/20/2011 19:00,160,3,14,2071,Candidate Master
11,Yandex.Algorithm 2011: Round 2,May/22/2011 19:10,131,1,-34,2037,Candidate Master
12,Codeforces Beta Round 75 (Div. 1 Only),Jun/20/2011 19:00,180,2,-69,1968,Candidate Master
13,Codeforces Beta Round 76 (Div. 1 Only),Jun/30/2011 19:00,244,0,-89,1879,Expert
14,Codeforces Beta Round 77 (Div. 1 Only),Jul/08/2011 19:00,151,2,-15,1864,Expert
15,Codeforces Beta Round 79 (Div. 1 Only),Aug/03/2011 21:00,32,3,112,1976,Candidate Master
16,Codeforces Beta Round 84 (Div. 1 Only),Aug/29/2011 20:00,205,2,-31,1945,Candidate Master
17,Codeforces Beta Round 87 (Div. 1 Only),Sep/15/2011 19:00,59,3,105,2050,Candidate Master
18,Codeforces Beta Round 92 (Div. 1 Only),Nov/03/2011 19:10,123,2,-23,2027,Candidate Master
19,Codeforces Beta Round 93 (Div. 1 Only),Nov/09/2011 21:00,30,3,97,2124,Master
20,Codeforces Beta Round 97 (Div. 1),Dec/09/2011 19:05,10,4,112,2236,Master
21,Codeforces Round 100,Jan/04/2012 19:00,73,4,47,2283,Master
22,Codeforces Round 109 (Div. 1),Feb/24/2012 19:00,23,3,67,2350,International Master
23,Codeforces Round 110 (Div. 1),Feb/29/2012 21:30,35,3,22,2372,International Master
24,VK Cup 2012 Round 1,Mar/11/2012 19:05,65,4,14,2386,International Master
25,VK Cup 2012 Round 2,Mar/25/2012 19:05,86,2,-34,2352,International Master
26,Codeforces Round 114 (Div. 1),Mar/27/2012 19:00,55,2,-33,2319,International Master
27,VK Cup 2012 Round 3,Apr/08/2012 19:05,231,1,-103,2216,Master
28,Codeforces Round 122 (Div. 1),Jun/03/2012 19:30,148,1,-72,2144,Master
29,Codeforces Round 129 (Div. 1),Jul/11/2012 19:30,45,3,34,2178,Master
30,Codeforces Round 131 (Div. 1),Jul/30/2012 19:30,95,2,-50,2128,Master
31,Codeforces Round 134 (Div. 1),Aug/18/2012 11:05,25,2,65,2193,Master
32,Codeforces Round 136 (Div. 1),Aug/31/2012 19:30,77,2,-3,2190,Master
33,Codeforces Round 157 (Div. 1),Dec/22/2012 19:30,136,2,-51,2139,Master
34,Codeforces Round 160 (Div. 1),Jan/13/2013 19:30,106,2,-23,2116,Master
35,Codeforces Round 165 (Div. 1),Feb/01/2013 19:30,8,4,128,2244,Master
36,Codeforces Round 170 (Div. 1),Feb/28/2013 19:30,31,2,66,2310,International Master
37,Codeforces Round 179 (Div. 1),Apr/11/2013 19:30,5,5,94,2404,Grandmaster
38,Croc Champ 2013 - Round 1,Apr/15/2013 19:35,182,4,-79,2325,International Master
39,Codeforces Round 180 (Div. 1),Apr/19/2013 19:30,17,3,69,2394,International Master
40,Croc Champ 2013 - Round 2,Apr/22/2013 19:35,23,2,64,2458,Grandmaster
41,Codeforces Round 188 (Div. 1),Jun/14/2013 19:30,152,1,-86,2372,International Master
42,Codeforces Round 192 (Div. 1),Jul/20/2013 17:30,14,3,57,2429,Grandmaster
43,Codeforces Round 198 (Div. 1),Aug/30/2013 19:30,163,2,-98,2331,International Master
44,Codeforces Round 202 (Div. 1),Sep/27/2013 19:30,36,2,23,2354,International Master
45,Codeforces Round 206 (Div. 1),Oct/13/2013 19:30,47,3,7,2361,International Master
46,Codeforces Round 207 (Div. 1),Oct/15/2013 16:00,24,3,44,2405,Grandmaster
47,Codeforces Round 210 (Div. 1),Nov/10/2013 21:00,6,4,51,2456,Grandmaster
48,Codeforces Round 213 (Div. 1),Nov/19/2013 19:30,185,1,-104,2352,International Master
49,Codeforces Round 221 (Div. 1),Dec/24/2013 18:00,70,2,-38,2314,International Master
50,Codeforces Round 222 (Div. 1),Dec/29/2013 19:30,25,3,65,2379,International Master
51,Codeforces Round 225 (Div. 1),Jan/20/2014 19:30,27,3,44,2423,Grandmaster
52,Codeforces Round 228 (Div. 1),Feb/03/2014 19:40,76,3,-37,2386,International Master
53,Codeforces Round 236 (Div. 1),Mar/16/2014 19:30,19,4,48,2434,Grandmaster
54,Codeforces Round 238 (Div. 1),Mar/22/2014 19:30,19,4,36,2470,Grandmaster
55,Codeforces Round 240 (Div. 1),Apr/06/2014 19:40,27,4,25,2495,Grandmaster
56,MemSQL Start[c]UP 2.0 - Round 1,Jul/27/2014 21:00,123,3,-74,2421,Grandmaster
57,Codeforces Round 259 (Div. 1),Aug/01/2014 19:30,46,3,7,2428,Grandmaster
58,MemSQL Start[c]UP 2.0 - Round 2 - Online Round,Aug/10/2014 21:00,28,3,48,2476,Grandmaster
59,Codeforces Round 270,Sep/28/2014 19:35,9,5,62,2538,Grandmaster
60,Codeforces Round 278 (Div. 1),Nov/21/2014 20:20,52,3,-43,2495,Grandmaster
61,Codeforces Round 282 (Div. 1),Dec/13/2014 19:30,345,1,-113,2382,International Master
62,Codeforces Round 283 (Div. 1),Dec/17/2014 19:30,118,3,-54,2328,International Master
63,Codeforces Round 284 (Div. 1),Dec/24/2014 19:30,44,3,63,2391,International Master
64,Good Bye 2014,Dec/30/2014 18:00,680,3,-139,2252,Master
65,Codeforces Round 290 (Div. 1),Feb/02/2015 19:30,16,3,141,2393,International Master
66,Rockethon 2015,Feb/07/2015 20:00,185,6,-36,2357,International Master
67,Codeforces Round 296 (Div. 1),Mar/17/2015 19:45,15,3,108,2465,Grandmaster
68,VK Cup 2015 - Round 1,Mar/21/2015 17:00,2,6,99,2564,Grandmaster
69,ZeptoLab Code Rush 2015,Apr/04/2015 19:35,72,5,-7,2557,Grandmaster
70,VK Cup 2015 - Round 2,Apr/17/2015 19:00,29,4,-18,2539,Grandmaster
71,Codeforces Round 300,Apr/26/2015 19:00,51,5,16,2555,Grandmaster
72,VK Cup 2015 - Раунд 3,May/03/2015 19:00,2,5,80,2635,International Grandmaster
73,Codeforces Round 305 (Div. 1),May/26/2015 19:35,277,1,-111,2524,Grandmaster
74,Looksery Cup 2015,Jun/06/2015 16:00,290,5,-77,2447,Grandmaster
75,Codeforces Round 309 (Div. 1),Jun/24/2015 19:30,3,4,113,2560,Grandmaster
76,Codeforces Round 313 (Div. 1),Jul/22/2015 17:00,47,3,8,2568,Grandmaster
77,VK Cup 2015 - Finals,Jul/26/2015 11:15,14,4,-26,2542,Grandmaster
78,Codeforces Round 315 (Div. 1),Aug/10/2015 19:30,3,4,89,2631,International Grandmaster
79,Codeforces Round 318 [RussianCodeCup Thanks-Round] (Div. 1),Aug/29/2015 19:30,124,3,-87,2544,Grandmaster
80,Codeforces Round 319 (Div. 1),Sep/10/2015 19:30,78,3,-52,2492,Grandmaster
81,Codeforces Round 323 (Div. 1),Oct/03/2015 19:45,88,2,-16,2476,Grandmaster
82,Codeforces Round 325 (Div. 1),Oct/12/2015 12:10,26,3,29,2505,Grandmaster
83,Codeforces Round 333 (Div. 1),Nov/24/2015 19:35,17,4,74,2579,Grandmaster
84,Codeforces Round 334 (Div. 1),Dec/01/2015 18:35,14,3,75,2654,International Grandmaster
85,Codeforces Round 336 (Div. 1),Dec/23/2015 19:35,19,3,42,2696,International Grandmaster
86,Good Bye 2015,Dec/30/2015 18:05,57,5,-19,2677,International Grandmaster
87,AIM Tech Round (Div. 1),Feb/04/2016 20:05,33,2,16,2693,International Grandmaster
88,8VC Venture Cup 2016 - Elimination Round,Feb/13/2016 20:35,179,4,-91,2602,International Grandmaster
89,"Manthan, Codefest 16",Feb/26/2016 20:15,17,6,68,2670,International Grandmaster
90,8VC Venture Cup 2016 - Final Round,Feb/28/2016 21:10,4,4,159,2829,International Grandmaster
91,Codeforces Round 345 (Div. 1),Mar/07/2016 12:25,49,3,-57,2772,International Grandmaster
92,IndiaHacks 2016 - Online Edition (Div. 1 + Div. 2),Mar/19/2016 11:35,17,5,7,2779,International Grandmaster
93,VK Cup 2016 - Round 1,Mar/28/2016 19:35,5,5,80,2859,International Grandmaster
94,VK Cup 2016 - Round 2,Apr/24/2016 19:35,9,5,21,2880,International Grandmaster
95,Codeforces Round 349 (Div. 1),Apr/29/2016 19:35,320,0,-232,2648,International Grandmaster
96,VK Cup 2016 - Round 3,May/07/2016 18:05,68,2,-126,2522,Grandmaster
97,Codeforces Round 352 (Div. 1),May/11/2016 19:35,15,3,99,2621,International Grandmaster
98,Codeforces Round 359 (Div. 1),Jun/23/2016 19:35,64,2,-36,2585,Grandmaster
99,Codeforces Round 371 (Div. 1),Sep/13/2016 19:35,226,2,-106,2479,Grandmaster
100,Codeforces Round 372 (Div. 1),Sep/17/2016 16:45,144,1,-53,2426,Grandmaster
101,"Intel Code Challenge Elimination Round (Div. 1 + Div. 2, combined)",Oct/01/2016 17:05,109,3,11,2437,Grandmaster
102,"Intel Code Challenge Final Round (Div. 1 + Div. 2, Combined)",Oct/08/2016 15:15,79,4,19,2456,Grandmaster
103,Codeforces Round 381 (Div. 1),Nov/23/2016 19:35,73,2,5,2461,Grandmaster
104,Codeforces Round 382 (Div. 1),Nov/27/2016 19:35,19,3,89,2550,Grandmaster
105,Codeforces Round 383 (Div. 1),Dec/06/2016 17:35,37,3,28,2578,Grandmaster
106,Good Bye 2016,Dec/30/2016 17:15,27,5,85,2663,International Grandmaster
107,"Codecraft-17 and Codeforces Round 391 (Div. 1 + Div. 2, combined)",Jan/12/2017 18:35,24,5,46,2709,International Grandmaster
108,8VC Venture Cup 2017 - Elimination Round,Jan/15/2017 20:05,61,5,-3,2706,International Grandmaster
109,8VC Venture Cup 2017 - Final Round,Jan/22/2017 21:15,41,4,-22,2684,International Grandmaster
110,Codeforces Round 395 (Div. 1),Feb/02/2017 16:35,44,3,-1,2683,International Grandmaster
111,Codeforces Round 397 by Kaspersky Lab and Barcelona Bootcamp (Div. 1 + Div. 2 combined),Feb/14/2017 11:05,17,5,64,2747,International Grandmaster
112,"Divide by Zero 2017 and Codeforces Round 399 (Div. 1 + Div. 2, combined)",Feb/20/2017 19:05,161,4,-98,2649,International Grandmaster
113,"ICM Technex 2017 and Codeforces Round 400 (Div. 1 + Div. 2, combined)",Feb/23/2017 17:45,136,4,-60,2589,Grandmaster
114,"Codeforces Round 403 (Div. 1, based on Technocup 2017 Finals)",Mar/05/2017 16:05,117,3,-63,2526,Grandmaster
115,VK Cup 2017 - Round 1,Mar/18/2017 18:35,6,4,7,2533,Grandmaster
116,Codeforces Round 406 (Div. 1),Mar/23/2017 18:05,17,3,96,2629,International Grandmaster
117,Codeforces Round 407 (Div. 1),Mar/29/2017 19:05,113,2,-67,2562,Grandmaster
118,VK Cup 2017 - Round 2,Apr/16/2017 18:35,2,4,97,2659,International Grandmaster
119,Tinkoff Challenge - Elimination Round,Apr/23/2017 19:45,119,3,-61,2598,Grandmaster
120,Codeforces Round 411 (Div. 1),May/04/2017 17:50,101,3,-44,2554,Grandmaster
121,VK Cup 2017 - Round 3,May/07/2017 18:45,10,3,-50,2504,Grandmaster
122,"Playrix Codescapes Cup (Codeforces Round 413, rated, Div. 1 + Div. 2)",May/11/2017 18:35,5,5,205,2709,International Grandmaster
123,VK Cup 2017 - Finals,Jul/09/2017 11:05,3,5,14,2723,International Grandmaster
124,Codeforces Round 446 (Div. 1),Nov/17/2017 17:35,140,2,-111,2612,International Grandmaster
125,Codeforces Round 449 (Div. 1),Dec/02/2017 17:05,29,3,9,2621,International Grandmaster
126,"Codeforces Round 470 (rated, Div. 1, based on VK Cup 2018 Round 1)",Mar/10/2018 18:35,3,4,200,2821,International Grandmaster
127,Codeforces Global Round 11,Oct/10/2020 17:50,145,5,-46,2775,International Grandmaster
128,"Codeforces Round 733 (Div. 1 + Div. 2, based on VK Cup 2021 - Elimination (Engine))",Jul/17/2021 17:35,280,5,-94,2681,International Grandmaster
129,"Codeforces Round 844 (Div. 1 + Div. 2, based on VK Cup 2022 - Elimination Round)",Jan/15/2023 15:05,167,5,-33,2648,International Grandmaster
