#,Contest,Start time,Rank,Solved,Rating change,New rating,Title
1,Codeforces Round 500 (Div. 2) [based on EJOI],Jul/30/2018 11:15,1852,2,-43,1457,Specialist
2,Codeforces Round 509 (Div. 2),Sep/16/2018 13:35,2427,2,-20,1437,Specialist
3,"Codeforces Round 513 by Barcelona Bootcamp (rated, Div. 1 + Div. 2)",Oct/04/2018 10:05,1461,3,32,1469,Specialist
4,"Codeforces Round 516 (Div. 2, by Moscow Team Olympiad)",Oct/14/2018 13:05,1586,3,-5,1464,Specialist
5,"Codeforces Round 517 (Div. 2, based on Technocup 2019 Elimination Round 2)",Oct/21/2018 11:10,1178,2,-1,1463,Specialist
6,CodeCraft-19 and Codeforces Round 537 (Div. 2),Feb/03/2019 18:35,2734,1,-20,1443,Specialist
7,Codeforces Global Round 1,Feb/07/2019 16:35,971,3,143,1586,Specialist
8,Codeforces Round 538 (Div. 2),Feb/10/2019 17:05,1507,2,18,1604,Expert
9,Codeforces Round 541 (Div. 2),Feb/23/2019 13:20,279,5,124,1728,Expert
10,Codeforces Round 545 (Div. 2),Mar/08/2019 12:05,371,3,25,1753,Expert
11,Codeforces Round 546 (Div. 2),Mar/11/2019 19:35,2358,2,-96,1657,Expert
12,Codeforces Global Round 2,Apr/06/2019 14:35,1160,4,42,1699,Expert
13,Codeforces Round 551 (Div. 2),Apr/13/2019 17:05,852,3,20,1719,Expert
14,Codeforces Round 553 (Div. 2),Apr/18/2019 18:35,303,4,78,1797,Expert
15,Educational Codeforces Round 63 (Rated for Div. 2),Apr/22/2019 17:35,339,4,46,1843,Expert
16,Codeforces Round 554 (Div. 2),Apr/24/2019 17:35,351,3,37,1880,Expert
17,Codeforces Round 556 (Div. 2),Apr/29/2019 17:35,2659,2,-121,1759,Expert
18,Codeforces Round 558 (Div. 2),May/09/2019 18:05,1322,3,-51,1708,Expert
19,Educational Codeforces Round 65 (Rated for Div. 2),May/15/2019 17:35,1437,3,-34,1674,Expert
20,Codeforces Round 561 (Div. 2),May/17/2019 18:05,52,5,193,1867,Expert
21,Codeforces Round 562 (Div. 2),May/26/2019 18:35,198,3,32,1899,Expert
22,Educational Codeforces Round 66 (Rated for Div. 2),Jun/05/2019 17:35,1827,2,-83,1816,Expert
23,Codeforces Round 564 (Div. 2),Jun/07/2019 15:05,174,4,58,1874,Expert
24,Educational Codeforces Round 67 (Rated for Div. 2),Jun/30/2019 17:45,1394,2,-67,1807,Expert
25,Codeforces Round 589 (Div. 2),Sep/29/2019 16:05,1356,3,-19,1788,Expert
26,Codeforces Round 592 (Div. 2),Oct/13/2019 12:05,667,3,16,1804,Expert
27,Codeforces Round 594 (Div. 2),Oct/20/2019 12:05,1185,3,-46,1758,Expert
28,Educational Codeforces Round 114 (Rated for Div. 2),Sep/20/2021 17:35,4907,2,-116,1642,Expert
29,Codeforces Round 745 (Div. 2),Sep/30/2021 13:15,804,2,21,1663,Expert
30,Codeforces Round 757 (Div. 2),Nov/26/2021 14:15,794,3,39,1702,Expert
31,"Deltix Round, Autumn 2021 (open for everyone, rated, Div. 1 + Div. 2)",Nov/28/2021 17:35,2019,3,-24,1678,Expert
32,Codeforces Round 785 (Div. 2),Apr/30/2022 17:35,1468,3,-11,1667,Expert
33,Codeforces Round 789 (Div. 2),May/08/2022 17:35,160,5,117,1784,Expert
34,"CodeTON Round 2 (Div. 1 + Div. 2, Rated, Prizes!)",Jul/31/2022 17:05,2005,3,-13,1771,Expert
35,Educational Codeforces Round 133 (Rated for Div. 2),Aug/04/2022 17:35,330,4,88,1859,Expert
36,Codeforces Round 812 (Div. 2),Aug/06/2022 17:35,3156,2,-94,1765,Expert
37,Codeforces Round 813 (Div. 2),Aug/13/2022 17:35,135,4,141,1906,Candidate Master
38,Codeforces Round 814 (Div. 1),Aug/16/2022 17:35,699,2,-26,1880,Expert
39,Codeforces Round 816 (Div. 2),Aug/20/2022 17:35,451,4,29,1909,Candidate Master
40,Educational Codeforces Round 134 (Rated for Div. 2),Aug/27/2022 17:35,129,5,84,1993,Candidate Master
41,Codeforces Round 818 (Div. 2),Sep/02/2022 17:35,163,5,48,2041,Candidate Master
42,Codeforces Round 822 (Div. 2),Sep/23/2022 15:05,1531,3,-97,1944,Candidate Master
43,Codeforces Round 823 (Div. 2),Sep/25/2022 17:35,390,3,11,1955,Candidate Master
44,Educational Codeforces Round 136 (Rated for Div. 2),Sep/29/2022 17:35,3891,2,-142,1813,Expert
45,Codeforces Global Round 22,Sep/30/2022 17:35,1168,3,25,1838,Expert
46,Codeforces Round 824 (Div. 2),Oct/02/2022 17:35,809,4,-8,1830,Expert
47,Dytechlab Cup 2022,Oct/07/2022 17:35,1595,3,-31,1799,Expert
48,Codeforces Round 825 (Div. 2),Oct/10/2022 17:35,46,4,171,1970,Candidate Master
49,Educational Codeforces Round 137 (Rated for Div. 2),Oct/17/2022 17:35,9,6,186,2156,Master
50,Codeforces Round 829 (Div. 1),Oct/23/2022 10:50,654,3,-45,2111,Master
51,Codeforces Round 831 (Div. 1 + Div. 2),Oct/29/2022 12:10,731,5,-39,2072,Candidate Master
52,Codeforces Round 832 (Div. 2),Nov/04/2022 17:35,60,4,78,2150,Master
53,"CodeTON Round 3 (Div. 1 + Div. 2, Rated, Prizes!)",Nov/06/2022 17:35,2828,3,-155,1995,Candidate Master
54,Codeforces Round 836 (Div. 2),Nov/25/2022 18:35,68,4,88,2083,Candidate Master
55,Codeforces Round 837 (Div. 2),Dec/11/2022 18:35,405,3,-22,2061,Candidate Master
56,Educational Codeforces Round 139 (Rated for Div. 2),Dec/12/2022 17:35,100,4,50,2111,Master
57,"Polynomial Round 2022 (Div. 1 + Div. 2, Rated, Prizes!)",Dec/17/2022 17:35,1099,4,-52,2059,Candidate Master
58,Codeforces Round 840 (Div. 2) and Enigma 2022 - Cybros LNMIIT,Dec/19/2022 17:35,89,4,60,2119,Master
59,Good Bye 2022: 2023 is NEAR,Dec/30/2022 17:35,2727,3,-100,2019,Candidate Master
60,Hello 2023,Jan/03/2023 17:35,895,4,15,2034,Candidate Master
61,Codeforces Round 843 (Div. 2),Jan/10/2023 14:15,521,5,-24,2010,Candidate Master
62,"Codeforces Round 844 (Div. 1 + Div. 2, based on VK Cup 2022 - Elimination Round)",Jan/15/2023 15:05,241,5,117,2127,Master
63,"TypeDB Forces 2023 (Div. 1 + Div. 2, Rated, Prizes!)",Jan/29/2023 17:35,583,5,13,2140,Master
64,"Codeforces Round 850 (Div. 1, based on VK Cup 2022 - Final Round)",Feb/05/2023 15:05,587,2,-25,2115,Master
