#,Contest,Start time,Rank,Solved,Rating change,New rating,Title
1,Codeforces Round 143 (Div. 2),Oct/07/2012 19:30,729,2,-21,1479,Specialist
2,"Codeforces Round 145 (Div. 2, ACM-ICPC Rules)",Oct/16/2012 11:00,491,3,-46,1433,Specialist
3,Codeforces Round 146 (Div. 2),Oct/21/2012 11:10,637,2,-14,1419,Specialist
4,Codeforces Round 147 (Div. 2),Oct/25/2012 19:30,570,2,63,1482,Specialist
5,Codeforces Round 149 (Div. 2),Nov/11/2012 19:30,446,2,12,1494,Specialist
6,Codeforces Round 150 (Div. 2),Nov/16/2012 19:30,427,1,30,1524,Specialist
7,"CROC-MBTU 2012, Elimination Round (ACM-ICPC)",Nov/19/2012 19:30,649,2,-66,1458,Specialist
8,Codeforces Round 151 (Div. 2),Nov/21/2012 19:30,193,3,133,1591,Specialist
9,Codeforces Round 152 (Div. 2),Nov/25/2012 19:30,391,2,-42,1549,Specialist
10,Codeforces Round 153 (Div. 2),Dec/06/2012 19:30,256,2,42,1591,Specialist
11,Codeforces Round 154 (Div. 2),Dec/08/2012 14:00,290,2,-17,1574,Specialist
12,Codeforces Round 156 (Div. 2),Dec/16/2012 19:30,169,2,66,1640,Expert
13,Codeforces Round 157 (Div. 2),Dec/22/2012 19:30,137,3,43,1683,Expert
14,Codeforces Round 158 (Div. 2),Dec/27/2012 19:35,286,2,-51,1632,Expert
15,Codeforces Round 159 (Div. 2),Jan/08/2013 19:30,847,1,-88,1544,Specialist
16,Codeforces Round 160 (Div. 2),Jan/13/2013 19:30,72,3,131,1675,Expert
17,Codeforces Round 161 (Div. 2),Jan/16/2013 19:30,56,3,63,1738,Expert
18,Codeforces Round 162 (Div. 1),Jan/20/2013 17:00,566,0,-69,1669,Expert
19,Codeforces Round 163 (Div. 2),Jan/22/2013 19:30,432,2,-63,1606,Expert
20,Codeforces Round 164 (Div. 2),Jan/28/2013 19:30,540,3,-54,1552,Specialist
21,Codeforces Round 165 (Div. 2),Feb/01/2013 19:30,83,3,144,1696,Expert
22,Codeforces Round 166 (Div. 2),Feb/11/2013 19:30,160,3,1,1697,Expert
23,Codeforces Round 168 (Div. 2),Feb/20/2013 19:30,451,2,-67,1630,Expert
24,Codeforces Round 169 (Div. 2),Feb/24/2013 19:30,135,4,65,1695,Expert
25,Codeforces Round 170 (Div. 2),Feb/28/2013 19:30,71,3,53,1748,Expert
26,Codeforces Round 172 (Div. 1),Mar/10/2013 19:30,318,1,-31,1717,Expert
27,Codeforces Round 176 (Div. 1),Mar/23/2013 12:00,486,0,-63,1654,Expert
28,Codeforces Round 177 (Div. 2),Apr/02/2013 19:30,967,1,-88,1566,Specialist
29,Codeforces Round 178 (Div. 2),Apr/07/2013 19:30,118,2,117,1683,Expert
30,Codeforces Round 179 (Div. 2),Apr/11/2013 19:30,23,3,79,1762,Expert
31,Croc Champ 2013 - Round 2,Apr/22/2013 19:35,438,0,-55,1707,Expert
32,"Croc Champ 2013 - Finals (online version, Div. 1)",May/17/2013 19:10,121,0,-21,1686,Expert
33,Codeforces Round 184 (Div. 2),May/19/2013 17:00,143,1,6,1692,Expert
34,Codeforces Round 186 (Div. 2),May/30/2013 19:30,32,4,66,1758,Expert
35,Codeforces Round 187 (Div. 1),Jun/07/2013 19:30,442,0,-62,1696,Expert
36,Codeforces Round 188 (Div. 2),Jun/14/2013 19:30,361,2,-63,1633,Expert
37,Codeforces Round 189 (Div. 2),Jun/23/2013 17:00,6,4,115,1748,Expert
38,Codeforces Round 190 (Div. 1),Jun/28/2013 19:30,376,0,-56,1692,Expert
39,Codeforces Round 194 (Div. 2),Jul/27/2013 12:30,233,2,-27,1665,Expert
40,Codeforces Round 196 (Div. 2),Aug/16/2013 20:00,16,3,100,1765,Expert
41,Codeforces Round 201 (Div. 1),Sep/20/2013 19:30,513,1,-64,1701,Expert
42,Codeforces Round 202 (Div. 1),Sep/27/2013 19:30,270,1,48,1749,Expert
43,Codeforces Round 204 (Div. 1),Oct/04/2013 19:30,456,0,-65,1684,Expert
44,Codeforces Round 205 (Div. 2),Oct/10/2013 19:30,170,3,13,1697,Expert
45,Codeforces Round 206 (Div. 2),Oct/13/2013 19:30,11,3,78,1775,Expert
46,Codeforces Round 219 (Div. 1),Dec/13/2013 18:00,343,1,21,1796,Expert
47,Good Bye 2013,Dec/30/2013 19:30,619,3,1,1797,Expert
48,Codeforces Round 225 (Div. 1),Jan/20/2014 19:30,472,1,-53,1744,Expert
49,Codeforces Round 228 (Div. 1),Feb/03/2014 19:40,665,1,-62,1682,Expert
50,Codeforces Round 234 (Div. 2),Mar/05/2014 19:30,20,4,86,1768,Expert
51,Codeforces Round 239 (Div. 1),Mar/30/2014 11:00,144,2,106,1874,Expert
52,Codeforces Round 240 (Div. 1),Apr/06/2014 19:40,315,2,19,1893,Expert
53,Codeforces Round 243 (Div. 1),Apr/27/2014 19:30,121,2,103,1996,Candidate Master
54,Codeforces Round 245 (Div. 1),May/11/2014 19:40,337,2,-56,1940,Candidate Master
55,Zepto Code Rush 2014,Jun/13/2014 19:30,323,3,68,2008,Candidate Master
56,Codeforces Round 253 (Div. 1),Jun/19/2014 19:30,139,2,39,2047,Candidate Master
57,Codeforces Round 254 (Div. 1),Jul/06/2014 17:05,210,1,-51,1996,Candidate Master
58,Codeforces Round 270,Sep/28/2014 19:35,118,4,176,2172,Master
59,Bayan 2015 Contest Warm Up,Oct/05/2014 17:00,163,3,30,2202,Master
60,Codeforces Round 272 (Div. 1),Oct/12/2014 18:00,509,1,-110,2092,Candidate Master
61,Codeforces Round 282 (Div. 1),Dec/13/2014 19:30,603,1,-106,1986,Candidate Master
62,Codeforces Round 283 (Div. 1),Dec/17/2014 19:30,249,2,43,2029,Candidate Master
63,Codeforces Round 290 (Div. 1),Feb/02/2015 19:30,579,1,-82,1947,Candidate Master
64,Rockethon 2015,Feb/07/2015 20:00,759,4,-22,1925,Candidate Master
65,Codeforces Round 292 (Div. 1),Feb/17/2015 19:35,720,1,-80,1845,Expert
66,Codeforces Round 296 (Div. 1),Mar/17/2015 19:45,203,2,147,1992,Candidate Master
67,VK Cup 2015 - Round 1,Mar/21/2015 17:00,129,4,79,2071,Candidate Master
68,VK Cup 2015 - Round 2,Apr/17/2015 19:00,190,2,-43,2028,Candidate Master
69,Looksery Cup 2015,Jun/06/2015 16:00,522,3,34,2062,Candidate Master
70,Codeforces Round 310 (Div. 1),Jun/27/2015 17:10,301,2,26,2088,Candidate Master
71,Codeforces Round 313 (Div. 1),Jul/22/2015 17:00,119,3,125,2213,Master
72,Codeforces Round 319 (Div. 1),Sep/10/2015 19:30,751,1,-112,2101,Master
73,Codeforces Round 320 (Div. 1) [Bayan Thanks-Round],Sep/16/2015 18:15,216,3,40,2141,Master
74,Good Bye 2015,Dec/30/2015 18:05,766,3,-54,2087,Candidate Master
75,Wunder Fund Round 2016 (Div. 1 + Div. 2 combined),Jan/29/2016 20:10,1052,2,-83,2004,Candidate Master
76,"Manthan, Codefest 16",Feb/26/2016 20:15,298,3,14,2018,Candidate Master
77,Codeforces Round 345 (Div. 1),Mar/07/2016 12:25,413,1,-64,1954,Candidate Master
78,VK Cup 2016 - Round 1,Mar/28/2016 19:35,624,1,-107,1847,Expert
79,VK Cup 2016 - Round 2,Apr/24/2016 19:35,149,4,44,1891,Expert
80,Codeforces Round 349 (Div. 2),Apr/29/2016 19:35,2,4,222,2113,Master
81,Codeforces Round 352 (Div. 1),May/11/2016 19:35,250,1,-24,2089,Candidate Master
82,Codeforces Round 363 (Div. 1),Jul/19/2016 16:05,315,2,-29,2060,Candidate Master
83,Codeforces Round 364 (Div. 1),Jul/22/2016 19:35,49,2,132,2192,Master
84,Codeforces Round 397 by Kaspersky Lab and Barcelona Bootcamp (Div. 1 + Div. 2 combined),Feb/14/2017 11:05,239,4,2,2194,Master
85,"Divide by Zero 2017 and Codeforces Round 399 (Div. 1 + Div. 2, combined)",Feb/20/2017 19:05,102,5,72,2266,Master
86,VK Cup 2017 - Round 1,Mar/18/2017 18:35,208,2,-52,2214,Master
87,VK Cup 2017 - Round 2,Apr/16/2017 18:35,144,2,-31,2183,Master
88,Codeforces Round 426 (Div. 1),Jul/30/2017 17:35,361,1,-76,2107,Master
89,VK Cup 2018 - Round 1,Mar/10/2018 18:35,133,3,26,2133,Master
90,VK Cup 2018 - Round 2,Mar/24/2018 18:35,189,3,-38,2095,Candidate Master
91,"Divide by Zero 2018 and Codeforces Round 474 (Div. 1 + Div. 2, combined)",Apr/07/2018 19:05,301,4,4,2099,Candidate Master
92,"Codeforces Round 505 (rated, Div. 1 + Div. 2, based on VK Cup 2018 Final)",Aug/19/2018 16:35,2138,2,-127,1972,Candidate Master
93,Mail.Ru Cup 2018 Round 2,Nov/10/2018 17:35,176,4,88,2060,Candidate Master
94,Educational Codeforces Round 54 (Rated for Div. 2),Nov/12/2018 17:35,31,5,91,2151,Master
95,Hello 2019,Jan/04/2019 17:45,608,3,-15,2136,Master
96,Codeforces Round 539 (Div. 1),Feb/16/2019 19:35,431,2,-77,2059,Candidate Master
97,"Deltix Round, Spring 2021 (open for everyone, rated, Div. 1 + Div. 2)",May/30/2021 17:35,938,3,-7,2052,Candidate Master
98,Codeforces Round 724 (Div. 2),Jun/06/2021 17:35,40,5,114,2166,Master
99,Codeforces Round 732 (Div. 1),Jul/11/2021 17:05,738,1,-65,2101,Master
100,VK Cup 2021 - Elimination (Engine),Jul/17/2021 17:35,125,4,-31,2070,Candidate Master
101,"Harbour.Space Scholarship Contest 2021-2022 (open for everyone, rated, Div. 1 + Div. 2)",Jul/22/2021 17:35,223,6,101,2171,Master
102,Codeforces Global Round 15,Jul/25/2021 17:35,730,5,-11,2160,Master
103,Codeforces Round 736 (Div. 1),Aug/01/2021 17:35,241,3,80,2240,Master
104,"Deltix Round, Summer 2021 (open for everyone, rated, Div. 1 + Div. 2)",Aug/29/2021 17:35,413,5,21,2261,Master
105,Codeforces Global Round 16,Sep/12/2021 17:35,281,6,46,2307,International Master
106,"Codeforces Round 749 (Div. 1 + Div. 2, based on Technocup 2022 Elimination Round 1)",Oct/17/2021 14:05,234,5,32,2339,International Master
107,Codeforces Round 751 (Div. 1),Oct/25/2021 09:35,278,2,-33,2306,International Master
108,Codeforces Round 752 (Div. 1),Oct/30/2021 17:35,288,3,18,2324,International Master
109,"Codeforces Round 755 (Div. 1, based on Technocup 2022 Elimination Round 2)",Nov/14/2021 09:05,63,4,102,2426,Grandmaster
110,"Deltix Round, Autumn 2021 (open for everyone, rated, Div. 1 + Div. 2)",Nov/28/2021 17:35,452,4,-45,2381,International Master
111,Codeforces Round 758 (Div.1 + Div. 2),Dec/11/2021 13:05,893,3,-112,2269,Master
112,Codeforces Global Round 18,Dec/24/2021 17:35,470,4,-5,2264,Master
113,Good Bye 2021: 2022 is NEAR,Dec/29/2021 18:35,421,5,21,2285,Master
114,Hello 2022,Jan/03/2022 17:35,318,5,34,2319,International Master
115,Codeforces Round 767 (Div. 1),Jan/22/2022 17:35,176,5,55,2374,International Master
116,Codeforces Global Round 19,Feb/12/2022 17:35,529,5,-35,2339,International Master
117,Codeforces Round 792 (Div. 1 + Div. 2),May/19/2022 17:35,1709,3,-141,2198,Master
118,Codeforces Round 794 (Div. 1),May/25/2022 20:35,509,1,-103,2095,Candidate Master
119,CodeCraft-22 and Codeforces Round 795 (Div. 2),May/31/2022 17:35,16,6,136,2231,Master
120,Codeforces Round 800 (Div. 1),Jun/16/2022 17:35,235,3,41,2272,Master
121,Codeforces Round 808 (Div. 1),Jul/16/2022 17:35,678,1,-86,2186,Master
122,"CodeTON Round 2 (Div. 1 + Div. 2, Rated, Prizes!)",Jul/31/2022 17:05,612,5,1,2187,Master
123,Codeforces Round 814 (Div. 1),Aug/16/2022 17:35,185,4,75,2262,Master
124,Codeforces Global Round 22,Sep/30/2022 17:35,640,4,-29,2233,Master
125,Dytechlab Cup 2022,Oct/07/2022 17:35,592,3,-27,2206,Master
126,Codeforces Global Round 23,Oct/15/2022 17:35,851,4,-32,2174,Master
127,Codeforces Round 829 (Div. 1),Oct/23/2022 10:50,102,5,140,2314,International Master
128,"CodeTON Round 3 (Div. 1 + Div. 2, Rated, Prizes!)",Nov/06/2022 17:35,1499,3,-125,2189,Master
129,Codeforces Global Round 24,Nov/26/2022 17:05,440,4,2,2191,Master
130,"Polynomial Round 2022 (Div. 1 + Div. 2, Rated, Prizes!)",Dec/17/2022 17:35,418,4,17,2208,Master
131,Good Bye 2022: 2023 is NEAR,Dec/30/2022 17:35,566,4,22,2230,Master
132,Hello 2023,Jan/03/2023 17:35,570,4,2,2232,Master
133,"Codeforces Round 844 (Div. 1 + Div. 2, based on VK Cup 2022 - Elimination Round)",Jan/15/2023 15:05,228,5,59,2291,Master
134,"TypeDB Forces 2023 (Div. 1 + Div. 2, Rated, Prizes!)",Jan/29/2023 17:35,595,5,-29,2262,Master
135,"Codeforces Round 850 (Div. 1, based on VK Cup 2022 - Final Round)",Feb/05/2023 15:05,439,3,-18,2244,Master
