#,Contest,Start time,Rank,Solved,Rating change,New rating,Title
1,Codeforces Round 607 (Div. 2),Dec/15/2019 08:05,5,5,322,1822,Expert
2,Codeforces Round 608 (Div. 2),Dec/15/2019 12:15,879,3,-18,1804,Expert
3,Educational Codeforces Round 81 (Rated for Div. 2),Jan/29/2020 17:35,101,5,138,1942,Candidate Master
4,Codeforces Round 616 (Div. 1),Feb/02/2020 17:05,142,3,160,2102,Master
5,"Codeforces Round 680 (Div. 1, based on Moscow Team Olympiad)",Nov/01/2020 14:05,45,3,212,2314,International Master
6,Codeforces Round 715 (Div. 1),Apr/16/2021 17:35,78,3,105,2419,Grandmaster
7,Codeforces Round 722 (Div. 1),May/24/2021 17:35,85,4,83,2502,Grandmaster
8,"CodeTON Round 3 (Div. 1 + Div. 2, Rated, Prizes!)",Nov/06/2022 17:35,632,4,-92,2410,Grandmaster
9,Codeforces Round 854 by cybercats (Div. 1 + Div. 2),Feb/27/2023 17:35,321,6,-22,2388,International Master
