#,Contest,Start time,Rank,Solved,Rating change,New rating,Title
1,Codeforces Round 739 (Div. 3),Aug/18/2021 17:35,10636,3,404,404,Newbie
2,"Codeforces Round 740 (Div. 2, based on VK Cup 2021 - Final (Engine))",Aug/24/2021 17:35,6225,1,300,704,Newbie
3,Codeforces Round 741 (Div. 2),Aug/26/2021 17:35,10653,1,148,852,Newbie
4,"Deltix Round, Summer 2021 (open for everyone, rated, Div. 1 + Div. 2)",Aug/29/2021 17:35,4902,2,185,1037,Newbie
5,Educational Codeforces Round 113 (Rated for Div. 2),Sep/08/2021 17:35,4286,2,139,1176,Newbie
6,Codeforces Global Round 16,Sep/12/2021 17:35,5172,4,57,1233,Pupil
7,Educational Codeforces Round 114 (Rated for Div. 2),Sep/20/2021 17:35,3489,3,43,1276,Pupil
8,Codeforces Round 744 (Div. 3),Sep/28/2021 17:35,8784,2,-70,1206,Pupil
9,Codeforces Round 745 (Div. 2),Sep/30/2021 13:15,4877,1,-57,1149,Newbie
10,Codeforces Round 746 (Div. 2),Oct/03/2021 17:35,3264,2,68,1217,Pupil
11,Codeforces Round 747 (Div. 2),Oct/08/2021 18:05,4112,3,9,1226,Pupil
12,Codeforces Round 750 (Div. 2),Oct/24/2021 13:05,2434,3,60,1286,Pupil
13,Codeforces Round 751 (Div. 2),Oct/25/2021 09:35,3566,2,-38,1248,Pupil
14,Educational Codeforces Round 116 (Rated for Div. 2),Oct/29/2021 17:35,4671,2,4,1252,Pupil
15,Codeforces Round 753 (Div. 3),Nov/02/2021 17:35,6652,2,-52,1200,Pupil
16,Codeforces Round 754 (Div. 2),Nov/12/2021 17:35,4271,2,18,1218,Pupil
17,"Codeforces Round 755 (Div. 2, based on Technocup 2022 Elimination Round 2)",Nov/14/2021 09:05,1477,3,60,1278,Pupil
18,Educational Codeforces Round 117 (Rated for Div. 2),Nov/22/2021 12:35,1988,3,41,1319,Pupil
19,Codeforces Global Round 17,Nov/23/2021 17:35,2535,2,58,1377,Pupil
20,Codeforces Round 756 (Div. 3),Nov/25/2021 17:35,808,4,73,1450,Specialist
21,Codeforces Round 757 (Div. 2),Nov/26/2021 14:15,4523,2,-58,1392,Pupil
22,"Deltix Round, Autumn 2021 (open for everyone, rated, Div. 1 + Div. 2)",Nov/28/2021 17:35,5030,1,-73,1319,Pupil
23,Educational Codeforces Round 118 (Rated for Div. 2),Dec/01/2021 17:35,1386,3,101,1420,Specialist
24,Codeforces Round 758 (Div.1 + Div. 2),Dec/11/2021 13:05,1209,3,97,1517,Specialist
25,"Codeforces Round 759 (Div. 2, based on Technocup 2022 Elimination Round 3)",Dec/12/2021 18:15,1197,3,33,1550,Specialist
26,Codeforces Round 761 (Div. 2),Dec/16/2021 16:35,1275,3,33,1583,Specialist
27,Educational Codeforces Round 119 (Rated for Div. 2),Dec/18/2021 18:35,1918,2,-9,1574,Specialist
28,Codeforces Global Round 18,Dec/24/2021 17:35,1578,3,56,1630,Expert
29,Educational Codeforces Round 120 (Rated for Div. 2),Dec/27/2021 17:35,516,4,89,1719,Expert
30,Codeforces Round 763 (Div. 2),Dec/28/2021 16:35,943,3,14,1733,Expert
31,Good Bye 2021: 2022 is NEAR,Dec/29/2021 18:35,6177,2,-113,1620,Expert
32,Hello 2022,Jan/03/2022 17:35,1837,3,43,1663,Expert
33,Codeforces Round 765 (Div. 2),Jan/12/2022 15:05,1283,3,9,1672,Expert
34,Codeforces Round 766 (Div. 2),Jan/15/2022 17:35,1396,3,7,1679,Expert
35,Codeforces Round 768 (Div. 2),Jan/27/2022 17:35,123,4,138,1817,Expert
36,Codeforces Round 769 (Div. 2),Jan/30/2022 17:35,1283,3,-9,1808,Expert
37,Educational Codeforces Round 122 (Rated for Div. 2),Jan/31/2022 17:35,1809,3,-44,1764,Expert
38,Codeforces Round 770 (Div. 2),Feb/06/2022 17:35,254,4,105,1869,Expert
39,Codeforces Global Round 19,Feb/12/2022 17:35,1202,4,16,1885,Expert
40,Codeforces Round 771 (Div. 2),Feb/14/2022 17:35,253,4,63,1948,Candidate Master
41,Codeforces Round 772 (Div. 2),Feb/20/2022 17:35,303,4,25,1973,Candidate Master
42,Educational Codeforces Round 123 (Rated for Div. 2),Feb/22/2022 17:35,183,5,47,2020,Candidate Master
43,Codeforces Round 773 (Div. 1),Feb/23/2022 13:10,435,2,41,2061,Candidate Master
44,Codeforces Round 774 (Div. 2),Mar/04/2022 18:35,12323,0,-253,1808,Expert
45,"Codeforces Round 775 (Div. 2, based on Moscow Open Olympiad in Informatics)",Mar/06/2022 12:55,1294,3,-49,1759,Expert
46,Codeforces Round 777 (Div. 2),Mar/11/2022 17:35,2774,3,-71,1688,Expert
47,"Codeforces Round 778 (Div. 1 + Div. 2, based on Technocup 2022 Final Round)",Mar/20/2022 14:35,1711,3,4,1692,Expert
48,Codeforces Round 779 (Div. 2),Mar/27/2022 17:35,613,4,50,1742,Expert
49,Codeforces Round 781 (Div. 2),Apr/08/2022 17:35,264,4,85,1827,Expert
50,Educational Codeforces Round 126 (Rated for Div. 2),Apr/09/2022 17:35,406,4,38,1865,Expert
51,Codeforces Round 782 (Div. 2),Apr/17/2022 17:35,84,4,120,1985,Candidate Master
52,Educational Codeforces Round 127 (Rated for Div. 2),Apr/22/2022 17:35,390,4,-1,1984,Candidate Master
53,Codeforces Global Round 20,Apr/23/2022 17:05,551,5,56,2040,Candidate Master
54,Educational Codeforces Round 128 (Rated for Div. 2),May/13/2022 17:35,376,4,-11,2029,Candidate Master
55,Codeforces Round 801 (Div. 2) and EPIC Institute of Technology Round,Jun/18/2022 17:35,2211,2,-113,1916,Candidate Master
56,Codeforces Round 803 (Div. 2),Jun/28/2022 17:35,341,4,30,1946,Candidate Master
57,Codeforces Round 809 (Div. 2),Jul/18/2022 17:35,958,4,-31,1915,Candidate Master
58,"CodeTON Round 2 (Div. 1 + Div. 2, Rated, Prizes!)",Jul/31/2022 17:05,500,5,92,2007,Candidate Master
59,Codeforces Round 812 (Div. 2),Aug/06/2022 17:35,99,4,82,2089,Candidate Master
60,Codeforces Round 813 (Div. 2),Aug/13/2022 17:35,117,4,56,2145,Master
61,Codeforces Global Round 22,Sep/30/2022 17:35,1196,3,-59,2086,Candidate Master
62,Codeforces Round 824 (Div. 2),Oct/02/2022 17:35,150,4,24,2110,Master
63,Dytechlab Cup 2022,Oct/07/2022 17:35,338,4,56,2166,Master
64,Codeforces Round 829 (Div. 1),Oct/23/2022 10:50,426,4,7,2173,Master
65,Codeforces Round 831 (Div. 1 + Div. 2),Oct/29/2022 12:10,186,5,60,2233,Master
66,"CodeTON Round 3 (Div. 1 + Div. 2, Rated, Prizes!)",Nov/06/2022 17:35,1571,3,-113,2120,Master
67,Pinely Round 1 (Div. 1 + Div. 2),Nov/20/2022 17:35,327,4,50,2170,Master
68,Codeforces Global Round 24,Nov/26/2022 17:05,3100,2,-189,1981,Candidate Master
69,Codeforces Round 837 (Div. 2),Dec/11/2022 18:35,113,4,74,2055,Candidate Master
70,Educational Codeforces Round 139 (Rated for Div. 2),Dec/12/2022 17:35,585,4,-42,2013,Candidate Master
71,Educational Codeforces Round 140 (Rated for Div. 2),Dec/16/2022 17:35,1338,3,-70,1943,Candidate Master
72,"Polynomial Round 2022 (Div. 1 + Div. 2, Rated, Prizes!)",Dec/17/2022 17:35,355,5,97,2040,Candidate Master
73,Hello 2023,Jan/03/2023 17:35,2326,3,-82,1958,Candidate Master
74,Educational Codeforces Round 142 (Rated for Div. 2),Jan/24/2023 17:35,108,4,77,2035,Candidate Master
75,"TypeDB Forces 2023 (Div. 1 + Div. 2, Rated, Prizes!)",Jan/29/2023 17:35,417,5,69,2104,Master
76,Codeforces Round 854 by cybercats (Div. 1 + Div. 2),Feb/27/2023 17:35,516,5,12,2116,Master
