#,Contest,Start time,Rank,Solved,Rating change,New rating,Title
1,Codeforces Round 466 (Div. 2),Feb/24/2018 12:35,391,4,90,1590,Specialist
2,"Codeforces Round 468 (Div. 2, based on Technocup 2018 Final Round)",Mar/04/2018 18:35,914,3,-8,1582,Specialist
3,Educational Codeforces Round 39 (Rated for Div. 2),Mar/06/2018 18:05,591,3,22,1604,Expert
4,Codeforces Round 469 (Div. 2),Mar/09/2018 11:10,493,3,32,1636,Expert
5,VK Cup 2018 - Round 1,Mar/10/2018 18:35,658,0,-107,1529,Specialist
6,Codeforces Round 471 (Div. 2),Mar/23/2018 19:35,368,2,69,1598,Specialist
7,Codeforces Round 473 (Div. 2),Apr/03/2018 19:05,1080,3,-15,1583,Specialist
8,Educational Codeforces Round 42 (Rated for Div. 2),Apr/10/2018 17:35,1290,3,-20,1563,Specialist
9,Tinkoff Internship Warmup Round 2018 and Codeforces Round 475 (Div. 2),Apr/17/2018 17:05,1073,2,-29,1534,Specialist
10,"Codeforces Round 477 (rated, Div. 2, based on VK Cup 2018 Round 3)",Apr/29/2018 16:15,1327,2,-48,1486,Specialist
11,Educational Codeforces Round 43 (Rated for Div. 2),Apr/30/2018 17:40,830,3,35,1521,Specialist
12,Codeforces Round 479 (Div. 3),May/06/2018 17:05,383,5,56,1577,Specialist
13,Codeforces Round 480 (Div. 2),May/08/2018 18:05,594,3,67,1644,Expert
14,Codeforces Round 482 (Div. 2),May/14/2018 17:35,1498,2,-23,1621,Expert
15,"Codeforces Round 483 (Div. 2) [Thanks, Botan Investments and Victor Shaburov!]",May/15/2018 17:45,1042,2,-15,1606,Expert
16,Codeforces Round 484 (Div. 2),May/17/2018 19:35,1072,3,3,1609,Expert
17,Avito Code Challenge 2018,May/27/2018 17:50,1585,3,-42,1567,Specialist
18,Codeforces Round 485 (Div. 2),May/29/2018 18:35,1700,3,-37,1530,Specialist
19,Codeforces Round 486 (Div. 3),Jun/01/2018 17:35,309,4,63,1593,Specialist
20,Educational Codeforces Round 45 (Rated for Div. 2),Jun/10/2018 13:05,1717,2,-29,1564,Specialist
21,Codeforces Round 488 by NEAR (Div. 2),Jun/16/2018 19:35,417,3,60,1624,Expert
22,Codeforces Round 489 (Div. 2),Jun/18/2018 19:35,942,2,7,1631,Expert
23,"Codeforces Round 492 (Div. 2) [Thanks, uDebug!]",Jun/24/2018 19:35,1457,2,-42,1589,Specialist
24,Educational Codeforces Round 46 (Rated for Div. 2),Jun/27/2018 17:35,404,3,80,1669,Expert
25,Codeforces Round 499 (Div. 2),Jul/26/2018 18:05,68,5,151,1820,Expert
26,Codeforces Round 500 (Div. 2) [based on EJOI],Jul/30/2018 11:15,264,4,17,1837,Expert
27,Educational Codeforces Round 48 (Rated for Div. 2),Aug/03/2018 17:45,446,4,20,1857,Expert
28,"Codeforces Round 503 (by SIS, Div. 2)",Aug/11/2018 16:35,851,2,-42,1815,Expert
29,"AIM Tech Round 5 (rated, Div. 1 + Div. 2)",Aug/27/2018 19:35,1355,3,-44,1771,Expert
30,"Manthan, Codefest 18 (rated, Div. 1 + Div. 2)",Sep/02/2018 17:35,448,4,78,1849,Expert
31,"Codeforces Round 507 (Div. 2, based on Olympiad of Metropolises)",Sep/05/2018 19:35,190,3,35,1884,Expert
32,Codeforces Round 508 (Div. 2),Sep/06/2018 18:35,141,4,81,1965,Candidate Master
33,Educational Codeforces Round 50 (Rated for Div. 2),Sep/07/2018 17:35,756,3,-47,1918,Candidate Master
34,Codeforces Round 509 (Div. 2),Sep/16/2018 13:35,1255,4,-70,1848,Expert
35,Technocup 2019 - Elimination Round 1,Sep/23/2018 16:05,37,4,89,1937,Candidate Master
36,Lyft Level 5 Challenge 2018 - Elimination Round,Oct/07/2018 20:05,519,3,14,1951,Candidate Master
37,"Codeforces Round 517 (Div. 1, based on Technocup 2019 Elimination Round 2)",Oct/21/2018 11:10,420,0,-90,1861,Expert
38,Educational Codeforces Round 53 (Rated for Div. 2),Oct/25/2018 17:35,1298,2,-63,1798,Expert
39,Codeforces Round 524 (Div. 2),Nov/24/2018 10:35,541,3,-3,1795,Expert
40,Mail.Ru Cup 2018 Round 3,Nov/25/2018 19:35,236,5,111,1906,Candidate Master
41,Educational Codeforces Round 55 (Rated for Div. 2),Nov/28/2018 17:35,477,4,-5,1901,Candidate Master
42,Codeforces Round 525 (Div. 2),Dec/04/2018 17:35,2231,2,-113,1788,Expert
43,Codeforces Round 526 (Div. 2),Dec/10/2018 19:35,483,3,-11,1777,Expert
44,Avito Cool Challenge 2018,Dec/16/2018 17:35,746,4,13,1790,Expert
45,Educational Codeforces Round 57 (Rated for Div. 2),Dec/28/2018 17:35,188,4,85,1875,Expert
46,Good Bye 2018,Dec/30/2018 17:35,1486,4,-9,1866,Expert
47,Codeforces Round 533 (Div. 2),Jan/20/2019 15:05,476,4,13,1879,Expert
48,Codeforces Round 534 (Div. 2),Jan/22/2019 17:35,100,4,74,1953,Candidate Master
49,CodeCraft-19 and Codeforces Round 537 (Div. 2),Feb/03/2019 18:35,231,2,35,1988,Candidate Master
50,Codeforces Global Round 1,Feb/07/2019 16:35,403,4,64,2052,Candidate Master
51,Codeforces Round 538 (Div. 2),Feb/10/2019 17:05,143,5,39,2091,Candidate Master
52,Codeforces Round 539 (Div. 1),Feb/16/2019 19:35,308,2,-25,2066,Candidate Master
53,Educational Codeforces Round 60 (Rated for Div. 2),Feb/18/2019 18:40,216,4,8,2074,Candidate Master
54,Codeforces Round 542 [Alex Lopashev Thanks-Round] (Div. 1),Feb/24/2019 18:35,191,3,19,2093,Candidate Master
55,Technocup 2019 - Final,Mar/03/2019 11:30,201,3,-76,2017,Candidate Master
56,Codeforces Round 545 (Div. 1),Mar/08/2019 12:05,458,1,-86,1931,Candidate Master
57,Codeforces Round 548 (Div. 2),Mar/21/2019 18:35,88,4,82,2013,Candidate Master
58,Educational Codeforces Round 62 (Rated for Div. 2),Mar/22/2019 18:05,969,4,-75,1938,Candidate Master
59,Codeforces Round 549 (Div. 1),Mar/30/2019 20:10,293,1,-14,1924,Candidate Master
60,Codeforces Global Round 2,Apr/06/2019 14:35,211,5,119,2043,Candidate Master
61,Codeforces Round 553 (Div. 2),Apr/18/2019 18:35,274,4,-6,2037,Candidate Master
62,Codeforces Round 557 (Div. 1) [based on Forethought Future Cup - Final Round],May/04/2019 20:05,229,3,9,2046,Candidate Master
63,Codeforces Round 559 (Div. 1),May/12/2019 17:35,381,1,-77,1969,Candidate Master
64,Codeforces Round 561 (Div. 2),May/17/2019 18:05,627,3,-38,1931,Candidate Master
65,Codeforces Round 562 (Div. 1),May/26/2019 18:35,276,2,26,1957,Candidate Master
66,Codeforces Global Round 3,Jun/01/2019 17:35,407,4,52,2009,Candidate Master
67,Codeforces Round 563 (Div. 2),Jun/03/2019 17:05,43,5,100,2109,Master
68,Codeforces Round 564 (Div. 1),Jun/07/2019 15:05,413,2,-52,2057,Candidate Master
69,Codeforces Round 566 (Div. 2),Jun/11/2019 16:05,380,3,-22,2035,Candidate Master
70,Codeforces Round 567 (Div. 2),Jun/16/2019 12:35,302,3,-11,2024,Candidate Master
71,Codeforces Round 568 (Div. 2),Jun/19/2019 17:45,256,6,5,2029,Candidate Master
72,Educational Codeforces Round 67 (Rated for Div. 2),Jun/30/2019 17:45,165,4,25,2054,Candidate Master
73,Codeforces Round 573 (Div. 1),Jul/12/2019 17:35,531,2,-54,2000,Candidate Master
74,Codeforces Round 574 (Div. 2),Jul/17/2019 17:35,538,5,-22,1978,Candidate Master
75,Educational Codeforces Round 69 (Rated for Div. 2),Jul/22/2019 17:35,806,3,-40,1938,Candidate Master
76,Codeforces Round 576 (Div. 1),Jul/30/2019 17:35,636,1,-83,1855,Expert
77,Codeforces Round 577 (Div. 2),Aug/04/2019 19:35,58,4,130,1985,Candidate Master
78,Educational Codeforces Round 70 (Rated for Div. 2),Aug/07/2019 17:35,59,4,93,2078,Candidate Master
79,Codeforces Round 580 (Div. 1),Aug/18/2019 16:45,691,1,-85,1993,Candidate Master
80,Codeforces Round 581 (Div. 2),Aug/20/2019 17:35,480,4,0,1993,Candidate Master
81,Educational Codeforces Round 71 (Rated for Div. 2),Aug/22/2019 17:35,595,5,-20,1973,Candidate Master
82,"Manthan, Codefest 19 (open for everyone, rated, Div. 1 + Div. 2)",Aug/25/2019 17:35,1038,3,-18,1955,Candidate Master
83,"Codeforces Round 583 (Div. 1 + Div. 2, based on Olympiad of Metropolises)",Sep/04/2019 12:05,1157,3,-58,1897,Expert
84,"Codeforces Round 584 - Dasha Code Championship - Elimination Round (rated, open for everyone, Div. 1 + Div. 2)",Sep/14/2019 16:05,1258,4,-15,1882,Expert
85,Codeforces Round 585 (Div. 2),Sep/15/2019 13:35,219,4,56,1938,Candidate Master
86,Codeforces Round 586 (Div. 1 + Div. 2),Sep/18/2019 19:05,73,5,177,2115,Master
87,Codeforces Global Round 5,Oct/16/2019 17:35,3724,2,-163,1952,Candidate Master
88,Codeforces Round 597 (Div. 2),Nov/01/2019 17:35,137,5,73,2025,Candidate Master
89,Codeforces Round 601 (Div. 1),Nov/19/2019 17:35,582,2,-60,1965,Candidate Master
90,Codeforces Round 603 (Div. 2),Nov/29/2019 17:35,143,5,63,2028,Candidate Master
91,Codeforces Round 604 (Div. 1),Dec/05/2019 17:35,263,2,53,2081,Candidate Master
92,Codeforces Global Round 6,Dec/17/2019 18:05,577,4,3,2084,Candidate Master
93,Codeforces Round 610 (Div. 2),Dec/24/2019 17:35,161,4,22,2106,Master
94,Hello 2020,Jan/04/2020 15:05,175,5,115,2221,Master
95,Codeforces Round 612 (Div. 1),Jan/05/2020 17:05,503,2,-52,2169,Master
96,Codeforces Round 614 (Div. 1),Jan/19/2020 16:35,771,1,-97,2072,Candidate Master
97,Codeforces Round 616 (Div. 1),Feb/02/2020 17:05,320,2,37,2109,Master
98,Codeforces Round 621 (Div. 1 + Div. 2),Feb/17/2020 18:35,1096,3,-49,2060,Candidate Master
99,"Codeforces Round 625 (Div. 1, based on Technocup 2020 Final Round)",Mar/01/2020 16:15,692,2,-48,2012,Candidate Master
100,"Ozon Tech Challenge 2020 (Div.1 + Div.2, Rated, T-shirts + prizes!)",Mar/03/2020 17:35,2390,3,-88,1924,Candidate Master
101,CodeCraft-20 (Div. 2),Mar/04/2020 17:35,261,4,47,1971,Candidate Master
102,Educational Codeforces Round 83 (Rated for Div. 2),Mar/09/2020 17:35,936,4,-35,1936,Candidate Master
103,Codeforces Global Round 7,Mar/19/2020 17:35,529,5,84,2020,Candidate Master
104,Educational Codeforces Round 84 (Rated for Div. 2),Mar/23/2020 17:35,42,5,138,2158,Master
105,"Codeforces Round 631 (Div. 1) - Thanks, Denis aramis Shitov!",Apr/03/2020 17:35,1157,1,-90,2068,Candidate Master
106,Codeforces Round 632 (Div. 2),Apr/08/2020 17:35,195,5,55,2123,Master
107,Codeforces Round 633 (Div. 1),Apr/12/2020 17:05,1228,2,-90,2033,Candidate Master
108,Codeforces Round 635 (Div. 1),Apr/15/2020 17:35,1336,1,-89,1944,Candidate Master
109,Educational Codeforces Round 86 (Rated for Div. 2),Apr/26/2020 17:35,161,4,102,2046,Candidate Master
110,Codeforces Round 638 (Div. 2),May/01/2020 17:35,36,5,143,2189,Master
111,Codeforces Round 641 (Div. 1),May/12/2020 15:35,349,3,34,2223,Master
112,Codeforces Global Round 8,Jun/18/2020 17:45,236,5,71,2294,Master
113,Codeforces Global Round 9,Jul/04/2020 17:45,426,5,23,2317,International Master
114,Codeforces Round 658 (Div. 1),Jul/21/2020 17:35,503,3,-35,2282,Master
115,Codeforces Round 659 (Div. 1),Jul/24/2020 17:35,143,2,76,2358,International Master
116,Codeforces Round 668 (Div. 1),Sep/06/2020 17:35,789,2,-94,2264,Master
117,Codeforces Round 673 (Div. 1),Sep/27/2020 18:05,614,2,-60,2204,Master
118,Grakn Forces 2020,Sep/30/2020 17:35,542,4,7,2211,Master
119,Good Bye 2020,Dec/30/2020 17:35,419,6,44,2255,Master
120,Codeforces Round 700 (Div. 1),Feb/07/2021 17:35,379,3,8,2263,Master
121,Codeforces Global Round 13,Feb/28/2021 16:35,783,4,-26,2237,Master
122,"Deltix Round, Spring 2021 (open for everyone, rated, Div. 1 + Div. 2)",May/30/2021 17:35,4040,2,-193,2044,Candidate Master
123,Codeforces LATOKEN Round 1 (Div. 1 + Div. 2),Jun/13/2021 18:35,1317,4,-56,1988,Candidate Master
124,Codeforces Round 728 (Div. 1),Jun/25/2021 18:35,358,2,51,2039,Candidate Master
125,Codeforces Round 730 (Div. 2),Jul/07/2021 17:35,16,5,158,2197,Master
126,Codeforces Round 732 (Div. 1),Jul/11/2021 17:05,238,2,57,2254,Master
127,"Codeforces Round 733 (Div. 1 + Div. 2, based on VK Cup 2021 - Elimination (Engine))",Jul/17/2021 17:35,384,5,10,2264,Master
128,Codeforces Global Round 15,Jul/25/2021 17:35,685,5,-28,2236,Master
129,Codeforces Round 736 (Div. 1),Aug/01/2021 17:35,556,2,-29,2207,Master
130,"Codeforces Round 740 (Div. 1, based on VK Cup 2021 - Final (Engine))",Aug/24/2021 17:35,240,3,51,2258,Master
131,Codeforces Global Round 16,Sep/12/2021 17:35,702,6,-31,2227,Master
132,Codeforces Global Round 17,Nov/23/2021 17:35,229,5,58,2285,Master
133,"Deltix Round, Autumn 2021 (open for everyone, rated, Div. 1 + Div. 2)",Nov/28/2021 17:35,1349,4,-116,2169,Master
134,Codeforces Global Round 18,Dec/24/2021 17:35,501,4,14,2183,Master
135,Codeforces Global Round 19,Feb/12/2022 17:35,111,6,140,2323,International Master
136,"CodeTON Round 1 (Div. 1 + Div. 2, Rated, Prizes!)",Mar/24/2022 17:35,160,5,76,2399,International Master
137,Codeforces Round 783 (Div. 1),Apr/19/2022 17:35,252,2,-7,2392,International Master
138,Codeforces Global Round 20,Apr/23/2022 17:05,632,5,-59,2333,International Master
139,Codeforces Round 789 (Div. 1),May/08/2022 17:35,475,3,-61,2272,Master
140,Codeforces Round 800 (Div. 1),Jun/16/2022 17:35,301,3,3,2275,Master
141,Codeforces Global Round 21,Jun/25/2022 17:35,1145,4,-79,2196,Master
142,Codeforces Round 808 (Div. 1),Jul/16/2022 17:35,667,1,-70,2126,Master
143,"CodeTON Round 2 (Div. 1 + Div. 2, Rated, Prizes!)",Jul/31/2022 17:05,252,5,90,2216,Master
144,Codeforces Global Round 22,Sep/30/2022 17:35,337,5,37,2253,Master
