#,Contest,Start time,Rank,Solved,Rating change,New rating,Title
1,Codeforces Round 779 (Div. 2),Mar/27/2022 17:35,132,5,740,740,Newbie
2,Codeforces Round 780 (Div. 3),Mar/31/2022 17:35,383,5,393,1133,Newbie
3,Codeforces Round 781 (Div. 2),Apr/08/2022 17:35,60,4,437,1570,Specialist
4,Educational Codeforces Round 126 (Rated for Div. 2),Apr/09/2022 17:35,42,5,304,1874,Expert
5,Codeforces Round 782 (Div. 2),Apr/17/2022 17:35,69,5,185,2059,Candidate Master
6,Educational Codeforces Round 127 (Rated for Div. 2),Apr/22/2022 17:35,1014,4,-37,2022,Candidate Master
7,Codeforces Round 785 (Div. 2),Apr/30/2022 17:35,152,4,43,2065,Candidate Master
8,Codeforces Round 788 (Div. 2),May/06/2022 17:35,42,5,90,2155,Master
9,"Polynomial Round 2022 (Div. 1 + Div. 2, Rated, Prizes!)",Dec/17/2022 17:35,874,4,-40,2115,Master
